nodenumber,    x-coordinate,    y-coordinate,    z-coordinate,  turb-intensity,      z-velocity,      y-velocity,      x-velocity
         1,-4.499999820E-01,-4.748805483E-17, 0.000000000E+00, 1.645648566E-01, 0.000000000E+00, 0.000000000E+00, 0.000000000E+00
         2,-3.000000143E-01,-4.553649223E-17, 0.000000000E+00, 1.632914813E-01, 0.000000000E+00, 0.000000000E+00, 0.000000000E+00
         3,-1.500000050E-01,-4.358492737E-17, 0.000000000E+00, 1.609689203E-01, 0.000000000E+00, 0.000000000E+00, 0.000000000E+00
         4,-3.608224830E-16,-4.163336342E-17, 0.000000000E+00, 1.829769271E-01, 0.000000000E+00, 0.000000000E+00, 0.000000000E+00
         5, 1.500000033E-01,-3.968179888E-17, 0.000000000E+00, 1.874847651E-01, 0.000000000E+00, 0.000000000E+00, 0.000000000E+00
         6, 3.000000143E-01,-3.816391942E-17, 0.000000000E+00, 1.741392411E-01, 0.000000000E+00, 0.000000000E+00, 0.000000000E+00
         7, 4.499999820E-01,-3.577867201E-17, 0.000000000E+00, 1.671807510E-01, 0.000000000E+00, 0.000000000E+00, 0.000000000E+00
         8, 6.000000172E-01,-3.382710767E-17, 0.000000000E+00, 1.626611756E-01, 0.000000000E+00, 0.000000000E+00, 0.000000000E+00
         9, 7.500000194E-01,-3.773023053E-17, 0.000000000E+00, 1.607062518E-01, 0.000000000E+00, 0.000000000E+00, 0.000000000E+00
        10, 8.999999851E-01,-5.637854405E-17, 0.000000000E+00, 1.602301213E-01, 0.000000000E+00, 0.000000000E+00, 0.000000000E+00
        11, 1.049999879E+00,-2.797241659E-17, 0.000000000E+00, 1.602838736E-01, 0.000000000E+00, 0.000000000E+00, 0.000000000E+00
        12, 1.200000032E+00,-4.163337152E-17, 0.000000000E+00, 1.604653277E-01, 0.000000000E+00, 0.000000000E+00, 0.000000000E+00
        13, 1.350000037E+00,-2.406928801E-17, 0.000000000E+00, 1.606848490E-01, 0.000000000E+00, 0.000000000E+00, 0.000000000E+00
        14, 1.500000019E+00,-2.211772375E-17, 0.000000000E+00, 1.609414715E-01, 0.000000000E+00, 0.000000000E+00, 0.000000000E+00
        15, 1.649999926E+00,-2.016616169E-17, 0.000000000E+00, 1.612128038E-01, 0.000000000E+00, 0.000000000E+00, 0.000000000E+00
        16, 1.799999931E+00,-1.821459775E-17, 0.000000000E+00, 1.614861024E-01, 0.000000000E+00, 0.000000000E+00, 0.000000000E+00
        17, 1.950000082E+00,-1.626303252E-17, 0.000000000E+00, 1.617551970E-01, 0.000000000E+00, 0.000000000E+00, 0.000000000E+00
        18, 2.099999938E+00,-1.431146989E-17, 0.000000000E+00, 1.620150485E-01, 0.000000000E+00, 0.000000000E+00, 0.000000000E+00
        19, 2.250000061E+00,-1.235990441E-17, 0.000000000E+00, 1.622638872E-01, 0.000000000E+00, 0.000000000E+00, 0.000000000E+00
        20,-4.499999820E-01,-4.759105406E-17, 2.000000000E-03, 1.653942713E-01, 5.022562020E-05,-4.669835212E-04, 9.836973981E-01
        21,-3.000000143E-01,-4.572080660E-17, 2.000000041E-03, 1.650390868E-01,-2.337184804E-05,-9.553048974E-04, 9.652216176E-01
        22,-1.500000050E-01,-4.385055691E-17, 2.000000000E-03, 1.644279763E-01,-2.165857194E-03,-2.258045698E-03, 9.279090339E-01
        23,-4.024558464E-16,-4.198030813E-17, 2.000000000E-03, 1.720925166E-01,-1.193438919E-02,-5.599468480E-03, 1.249864818E+00
        24, 1.500000033E-01,-4.011005875E-17, 1.999999970E-03, 1.751055186E-01, 4.321380541E-03,-1.043151559E-02, 1.343247130E+00
        25, 3.000000072E-01,-3.823981061E-17, 2.000000000E-03, 1.713932148E-01, 2.158582545E-03,-1.130395263E-02, 1.164814014E+00
        26, 4.499999820E-01,-3.636956221E-17, 2.000000000E-03, 1.676465536E-01, 1.828446816E-03,-1.061081594E-02, 1.053930972E+00
        27, 6.000000172E-01,-3.449931306E-17, 2.000000000E-03, 1.644923083E-01, 1.512325464E-03,-1.271752497E-02, 9.780374358E-01
        28, 7.500000194E-01,-3.262906431E-17, 2.000000000E-03, 1.635820184E-01, 1.156228304E-03,-1.665373079E-02, 9.344832446E-01
        29, 8.999999851E-01,-3.075881696E-17, 2.000000045E-03, 1.636006604E-01, 9.084406789E-04,-2.030775439E-02, 9.146672975E-01
        30, 1.049999879E+00,-2.888856738E-17, 1.999999940E-03, 1.636257621E-01, 7.137462777E-04,-2.248664153E-02, 9.084803669E-01
        31, 1.200000032E+00,-2.701831801E-17, 2.000000000E-03, 1.635349678E-01, 5.743337228E-04,-2.321018202E-02, 9.086190331E-01
        32, 1.350000037E+00,-2.514806923E-17, 2.000000000E-03, 1.634297926E-01, 4.781932191E-04,-2.286046541E-02, 9.116066002E-01
        33, 1.500000019E+00,-2.327782012E-17, 1.999999970E-03, 1.633874026E-01, 3.905884111E-04,-2.198648708E-02, 9.159289696E-01
        34, 1.649999926E+00,-2.140757318E-17, 2.000000000E-03, 1.634117953E-01, 3.357358373E-04,-2.081487550E-02, 9.206932771E-01
        35, 1.799999931E+00,-1.953732440E-17, 2.000000000E-03, 1.634931657E-01, 2.990986345E-04,-1.954124089E-02, 9.254463398E-01
        36, 1.950000082E+00,-1.766707443E-17, 2.000000030E-03, 1.636171532E-01, 2.779768416E-04,-1.826662650E-02, 9.300025327E-01
        37, 2.099999938E+00,-1.579682688E-17, 2.000000000E-03, 1.637681363E-01, 2.680998616E-04,-1.703879883E-02, 9.342868856E-01
        38, 2.250000061E+00,-1.392657663E-17, 2.000000000E-03, 1.639349652E-01, 2.648118514E-04,-1.588848070E-02, 9.382883370E-01
        39,-4.499999820E-01,-3.186573166E-17, 4.020000000E-03, 1.688736877E-01, 2.152433001E-05,-5.483410100E-04, 1.205395040E+00
        40,-3.000000143E-01,-3.072813339E-17, 4.020000082E-03, 1.695706279E-01, 1.444113853E-04,-1.104125527E-03, 1.184485213E+00
        41,-1.500000050E-01,-2.959053363E-17, 4.020000000E-03, 1.708948079E-01,-3.078836209E-03,-2.491689377E-03, 1.137133281E+00
        42,-7.268491364E-16,-2.845293448E-17, 4.020000000E-03, 1.613627251E-01,-2.762663920E-02,-6.030169836E-03, 1.462807848E+00
        43, 1.500000033E-01,-2.731533493E-17, 4.019999940E-03, 1.601081631E-01, 4.009068486E-03,-1.218222182E-02, 1.655367515E+00
        44, 3.000000143E-01,-2.617773675E-17, 4.020000082E-03, 1.665387330E-01, 5.168390724E-03,-1.482723761E-02, 1.491954782E+00
        45, 4.499999820E-01,-2.504013730E-17, 4.020000000E-03, 1.681007494E-01, 4.590643097E-03,-1.552752657E-02, 1.343861427E+00
        46, 6.000000172E-01,-2.390253793E-17, 4.020000000E-03, 1.681662579E-01, 3.914934852E-03,-1.846942688E-02, 1.229507675E+00
        47, 7.500000194E-01,-2.276493881E-17, 4.020000000E-03, 1.695753048E-01, 3.132088984E-03,-2.263568790E-02, 1.153450085E+00
        48, 8.999999851E-01,-2.162734060E-17, 4.020000090E-03, 1.707419312E-01, 2.488417350E-03,-2.605074253E-02, 1.112089711E+00
        49, 1.049999879E+00,-2.048974082E-17, 4.019999880E-03, 1.709760230E-01, 1.974085773E-03,-2.774725005E-02, 1.094631957E+00
        50, 1.200000032E+00,-1.935214140E-17, 4.020000000E-03, 1.706471472E-01, 1.589535261E-03,-2.798957868E-02, 1.090159436E+00
        51, 1.350000037E+00,-1.821454226E-17, 4.020000000E-03, 1.701632539E-01, 1.292119823E-03,-2.725714579E-02, 1.092192015E+00
        52, 1.500000019E+00,-1.707694287E-17, 4.019999940E-03, 1.697387428E-01, 1.055534140E-03,-2.596873573E-02, 1.097307190E+00
        53, 1.649999926E+00,-1.593934489E-17, 4.020000000E-03, 1.694313759E-01, 8.874512494E-04,-2.442802389E-02, 1.103686621E+00
        54, 1.799999931E+00,-1.480174575E-17, 4.020000000E-03, 1.692456254E-01, 7.736302812E-04,-2.282778948E-02, 1.110364252E+00
        55, 1.950000082E+00,-1.366414592E-17, 4.020000060E-03, 1.691606647E-01, 6.976733760E-04,-2.127089323E-02, 1.116901827E+00
        56, 2.099999938E+00,-1.252654748E-17, 4.020000000E-03, 1.691496706E-01, 6.485380340E-04,-1.980341494E-02, 1.123110385E+00
        57, 2.250000061E+00,-1.138894744E-17, 4.020000000E-03, 1.691903130E-01, 6.160944783E-04,-1.844809970E-02, 1.128927259E+00
        58,-4.499999820E-01,-4.779252787E-17, 5.912142321E-03, 1.719090620E-01, 1.549795477E-04,-5.651264742E-04, 1.331557541E+00
        59,-3.000000143E-01,-4.608133865E-17, 5.912142443E-03, 1.727696002E-01, 3.392651510E-04,-1.132034581E-03, 1.310288246E+00
        60,-1.500000050E-01,-4.437014720E-17, 5.912142321E-03, 1.743580757E-01,-4.170571974E-03,-2.522447033E-03, 1.259816391E+00
        61,-1.509209424E-16,-4.265895668E-17, 5.912142321E-03, 1.612130108E-01,-4.171525831E-02,-6.127704294E-03, 1.568449132E+00
        62, 1.500000033E-01,-4.094776554E-17, 5.912142233E-03, 1.568078157E-01, 3.849918070E-03,-1.255158307E-02, 1.783115630E+00
        63, 3.000000072E-01,-3.923657566E-17, 5.912142321E-03, 1.619546906E-01, 7.728429312E-03,-1.639741781E-02, 1.657725177E+00
        64, 4.499999820E-01,-3.752538548E-17, 5.912142321E-03, 1.664229744E-01, 7.543391387E-03,-1.871853216E-02, 1.504457890E+00
        65, 5.999999973E-01,-3.581419357E-17, 5.912142145E-03, 1.698070102E-01, 6.622555180E-03,-2.222106864E-02, 1.373990132E+00
        66, 7.500000194E-01,-3.410300412E-17, 5.912142321E-03, 1.734763130E-01, 5.330365897E-03,-2.608372934E-02, 1.281741378E+00
        67, 8.999999851E-01,-3.239181500E-17, 5.912142454E-03, 1.758032708E-01, 4.178097957E-03,-2.901683622E-02, 1.228303151E+00
        68, 1.049999879E+00,-3.068062352E-17, 5.912142145E-03, 1.764853665E-01, 3.271802590E-03,-3.036445313E-02, 1.203588255E+00
        69, 1.200000032E+00,-2.896943259E-17, 5.912142321E-03, 1.762472909E-01, 2.610151426E-03,-3.036830973E-02, 1.195483991E+00
        70, 1.350000037E+00,-2.725824206E-17, 5.912142321E-03, 1.756920099E-01, 2.124946332E-03,-2.947489274E-02, 1.196126296E+00
        71, 1.500000019E+00,-2.554705117E-17, 5.912142233E-03, 1.751365499E-01, 1.761255473E-03,-2.802800556E-02, 1.201071282E+00
        72, 1.649999926E+00,-2.383586240E-17, 5.912142321E-03, 1.746886877E-01, 1.504711313E-03,-2.633383904E-02, 1.207921378E+00
        73, 1.799999931E+00,-2.212467187E-17, 5.912142321E-03, 1.743736733E-01, 1.327661854E-03,-2.458463769E-02, 1.215378537E+00
        74, 1.950000082E+00,-2.041348031E-17, 5.912142410E-03, 1.741757823E-01, 1.207378878E-03,-2.288521716E-02, 1.222825863E+00
        75, 2.099999938E+00,-1.870229086E-17, 5.912142321E-03, 1.740684404E-01, 1.126093188E-03,-2.128443289E-02, 1.229978004E+00
        76, 2.250000061E+00,-1.699109899E-17, 5.912142321E-03, 1.740270682E-01, 1.069173258E-03,-1.980625114E-02, 1.236721795E+00
        77,-4.499999820E-01,-4.788325867E-17, 7.673918707E-03, 1.723837273E-01, 2.249380524E-04,-5.620820955E-04, 1.413864208E+00
        78,-3.000000143E-01,-4.624369901E-17, 7.673918864E-03, 1.733059427E-01, 4.445712609E-04,-1.122479041E-03, 1.392795376E+00
        79,-1.500000050E-01,-4.460413713E-17, 7.673918707E-03, 1.749672480E-01,-5.268831338E-03,-2.484672954E-03, 1.341664449E+00
        80,-5.256212132E-16,-4.296457618E-17, 7.673918707E-03, 1.604533202E-01,-5.434441805E-02,-6.181337623E-03, 1.630426507E+00
        81, 1.500000033E-01,-4.132501460E-17, 7.673918593E-03, 1.555949683E-01, 3.276679488E-03,-1.250591136E-02, 1.846743442E+00
        82, 3.000000072E-01,-3.968545430E-17, 7.673918707E-03, 1.576186634E-01, 9.780800726E-03,-1.719364404E-02, 1.751146814E+00
        83, 4.499999820E-01,-3.804589368E-17, 7.673918707E-03, 1.634160936E-01, 1.033013690E-02,-2.103548563E-02, 1.603944972E+00
        84, 5.999999973E-01,-3.640633134E-17, 7.673918478E-03, 1.694326935E-01, 9.290471061E-03,-2.493114542E-02, 1.467994795E+00
        85, 7.500000194E-01,-3.476677148E-17, 7.673918707E-03, 1.748667399E-01, 7.506150059E-03,-2.832922919E-02, 1.367469184E+00
        86, 8.999999851E-01,-3.312721192E-17, 7.673918879E-03, 1.781103542E-01, 5.828625674E-03,-3.071271116E-02, 1.306495280E+00
        87, 1.049999879E+00,-3.148764994E-17, 7.673918478E-03, 1.791824803E-01, 4.512175244E-03,-3.173442214E-02, 1.276450409E+00
        88, 1.200000032E+00,-2.984808865E-17, 7.673918707E-03, 1.790521249E-01, 3.564045919E-03,-3.157297099E-02, 1.265216789E+00
        89, 1.350000037E+00,-2.820852770E-17, 7.673918707E-03, 1.784650962E-01, 2.887487141E-03,-3.059366627E-02, 1.264311774E+00
        90, 1.500000019E+00,-2.656896636E-17, 7.673918593E-03, 1.778185814E-01, 2.396933235E-03,-2.908290481E-02, 1.268680587E+00
        91, 1.649999926E+00,-2.492940712E-17, 7.673918707E-03, 1.772636109E-01, 2.053071673E-03,-2.732462208E-02, 1.275514803E+00
        92, 1.799999931E+00,-2.328984617E-17, 7.673918707E-03, 1.768437182E-01, 1.814713691E-03,-2.550725385E-02, 1.283264808E+00
        93, 1.950000082E+00,-2.165028426E-17, 7.673918821E-03, 1.765498713E-01, 1.650343593E-03,-2.373533941E-02, 1.291165798E+00
        94, 2.099999938E+00,-2.001072430E-17, 7.673918707E-03, 1.763575014E-01, 1.536431218E-03,-2.206047423E-02, 1.298844855E+00
        95, 2.250000061E+00,-1.837116205E-17, 7.673918707E-03, 1.762413517E-01, 1.454076795E-03,-2.050947323E-02, 1.306138884E+00
        96,-4.499999820E-01,-6.380110598E-17, 9.392294662E-03, 1.720756762E-01, 2.587738901E-04,-5.532792314E-04, 1.475440508E+00
        97,-3.000000143E-01,-6.158089045E-17, 9.392294854E-03, 1.730219024E-01, 5.309576807E-04,-1.102596079E-03, 1.454720120E+00
        98,-1.500000050E-01,-5.936067196E-17, 9.392294662E-03, 1.746653829E-01,-6.262410182E-03,-2.434427138E-03, 1.403869397E+00
        99,-5.637851297E-16,-5.714045471E-17, 9.392294662E-03, 1.596919118E-01,-6.624706138E-02,-6.185745516E-03, 1.675014089E+00
       100, 1.500000033E-01,-5.492023663E-17, 9.392294522E-03, 1.551143445E-01, 2.204294598E-03,-1.212607263E-02, 1.888872007E+00
       101, 3.000000143E-01,-5.270002131E-17, 9.392294854E-03, 1.546807074E-01, 1.151375539E-02,-1.757798698E-02, 1.809827293E+00
       102, 4.499999820E-01,-5.047980344E-17, 9.392294662E-03, 1.611671019E-01, 1.298257638E-02,-2.270892279E-02, 1.672219385E+00
       103, 6.000000172E-01,-4.825958574E-17, 9.392294662E-03, 1.690204836E-01, 1.193381714E-02,-2.690142163E-02, 1.536767476E+00
       104, 7.500000194E-01,-4.603936853E-17, 9.392294662E-03, 1.756521421E-01, 9.708201879E-03,-2.986068262E-02, 1.432464678E+00
       105, 8.999999851E-01,-4.381915314E-17, 9.392294872E-03, 1.795410704E-01, 7.522413086E-03,-3.172892988E-02, 1.366471838E+00
       106, 1.049999879E+00,-4.159893455E-17, 9.392294382E-03, 1.809211214E-01, 5.792631384E-03,-3.244391544E-02, 1.332142799E+00
       107, 1.200000032E+00,-3.937871681E-17, 9.392294662E-03, 1.808932205E-01, 4.548919148E-03,-3.214654002E-02, 1.318023246E+00
       108, 1.350000037E+00,-3.715849956E-17, 9.392294662E-03, 1.802953128E-01, 3.669020618E-03,-3.111374069E-02, 1.315466971E+00
       109, 1.500000019E+00,-3.493828180E-17, 9.392294522E-03, 1.795833240E-01, 3.042730794E-03,-2.958191585E-02, 1.319029993E+00
       110, 1.649999926E+00,-3.271806684E-17, 9.392294662E-03, 1.789443836E-01, 2.604436279E-03,-2.780390140E-02, 1.325587602E+00
       111, 1.799999931E+00,-3.049784959E-17, 9.392294662E-03, 1.784379850E-01, 2.299156132E-03,-2.596084391E-02, 1.333380462E+00
       112, 1.950000082E+00,-2.827763102E-17, 9.392294802E-03, 1.780620243E-01, 2.086192624E-03,-2.415548300E-02, 1.341506315E+00
       113, 2.099999938E+00,-2.605741513E-17, 9.392294662E-03, 1.777948464E-01, 1.935888674E-03,-2.244117835E-02, 1.349507998E+00
       114, 2.250000061E+00,-2.383719613E-17, 9.392294662E-03, 1.776114202E-01, 1.824930210E-03,-2.084763459E-02, 1.357171295E+00
       115,-4.499999820E-01,-4.806546265E-17, 1.121188668E-02, 1.714258092E-01, 3.196978130E-04,-5.427496737E-04, 1.528197551E+00
       116,-3.000000143E-01,-4.656974819E-17, 1.121188691E-02, 1.723790311E-01, 6.452741422E-04,-1.080031495E-03, 1.507866072E+00
       117,-1.500000050E-01,-4.507403154E-17, 1.121188668E-02, 1.739518915E-01,-7.224236745E-03,-2.388419300E-03, 1.457685353E+00
       118,-5.984795992E-16,-4.357831581E-17, 1.121188668E-02, 1.588436745E-01,-7.837178178E-02,-6.067403778E-03, 1.715798968E+00
       119, 1.500000050E-01,-4.208260009E-17, 1.121188668E-02, 1.546559996E-01, 9.627780127E-04,-1.135803262E-02, 1.924891671E+00
       120, 3.000000072E-01,-4.058688440E-17, 1.121188668E-02, 1.530905229E-01, 1.312700694E-02,-1.773987676E-02, 1.850427947E+00
       121, 4.499999820E-01,-3.909116898E-17, 1.121188668E-02, 1.602214246E-01, 1.567224356E-02,-2.388838320E-02, 1.723233174E+00
       122, 5.999999973E-01,-3.759545186E-17, 1.121188635E-02, 1.691800771E-01, 1.471046092E-02,-2.830620087E-02, 1.592510216E+00
       123, 7.500000194E-01,-3.609973726E-17, 1.121188668E-02, 1.764500320E-01, 1.207670176E-02,-3.091399268E-02, 1.487799540E+00
       124, 8.999999851E-01,-3.460402291E-17, 1.121188693E-02, 1.807117907E-01, 9.380983957E-03,-3.232834004E-02, 1.418585370E+00
       125, 1.049999879E+00,-3.310830602E-17, 1.121188635E-02, 1.823102112E-01, 7.214905763E-03,-3.275309677E-02, 1.380666924E+00
       126, 1.200000032E+00,-3.161259013E-17, 1.121188668E-02, 1.823710624E-01, 5.654621713E-03,-3.233061851E-02, 1.363743113E+00
       127, 1.350000037E+00,-3.011687441E-17, 1.121188668E-02, 1.817740595E-01, 4.553206115E-03,-3.125850917E-02, 1.359395675E+00
       128, 1.500000019E+00,-2.862115826E-17, 1.121188652E-02, 1.810136256E-01, 3.778060671E-03,-2.972784203E-02, 1.361948390E+00
       129, 1.649999926E+00,-2.712544417E-17, 1.121188668E-02, 1.803062522E-01, 3.235246328E-03,-2.795603455E-02, 1.368031339E+00
       130, 1.799999931E+00,-2.562972845E-17, 1.121188668E-02, 1.797251722E-01, 2.855176447E-03,-2.611346026E-02, 1.375694464E+00
       131, 1.950000082E+00,-2.413401191E-17, 1.121188685E-02, 1.792755700E-01, 2.587378509E-03,-2.429981959E-02, 1.383899332E+00
       132, 2.099999938E+00,-2.263829703E-17, 1.121188668E-02, 1.789393727E-01, 2.395657177E-03,-2.256884207E-02, 1.392103145E+00
       133, 2.250000061E+00,-2.114258013E-17, 1.121188668E-02, 1.786924642E-01, 2.251927930E-03,-2.095287195E-02, 1.400036453E+00
       134,-4.499999820E-01,-4.817525258E-17, 1.334374599E-02, 1.705043270E-01, 3.926555834E-04,-5.311508436E-04, 1.579523167E+00
       135,-3.000000143E-01,-4.676621436E-17, 1.334374626E-02, 1.714551950E-01, 7.783593608E-04,-1.056033194E-03, 1.559607679E+00
       136,-1.500000050E-01,-4.535717394E-17, 1.334374599E-02, 1.729164686E-01,-8.295260637E-03,-2.348943183E-03, 1.510299187E+00
       137,-5.342948306E-16,-4.394813447E-17, 1.334374599E-02, 1.577112928E-01,-9.244452157E-02,-5.714601461E-03, 1.760100314E+00
       138, 1.500000050E-01,-4.253909500E-17, 1.334374599E-02, 1.538429896E-01,-2.778884898E-04,-1.031311504E-02, 1.958938293E+00
       139, 3.000000072E-01,-4.113005555E-17, 1.334374599E-02, 1.529051195E-01, 1.484225791E-02,-1.806695926E-02, 1.878913148E+00
       140, 4.499999820E-01,-3.972101636E-17, 1.334374599E-02, 1.609965207E-01, 1.858655804E-02,-2.491882828E-02, 1.762492506E+00
       141, 5.999999973E-01,-3.831197548E-17, 1.334374559E-02, 1.703773714E-01, 1.781294649E-02,-2.940291864E-02, 1.640712765E+00
       142, 7.500000194E-01,-3.690293716E-17, 1.334374599E-02, 1.776667418E-01, 1.479536154E-02,-3.168396386E-02, 1.539324764E+00
       143, 8.999999851E-01,-3.549389904E-17, 1.334374629E-02, 1.819646655E-01, 1.156426926E-02,-3.266185706E-02, 1.468916414E+00
       144, 1.049999879E+00,-3.408485832E-17, 1.334374559E-02, 1.836537087E-01, 8.910201188E-03,-3.278400152E-02, 1.428204070E+00
       145, 1.200000032E+00,-3.267581877E-17, 1.334374599E-02, 1.837725002E-01, 6.984796665E-03,-3.222253047E-02, 1.408544147E+00
       146, 1.350000037E+00,-3.126677930E-17, 1.334374599E-02, 1.831794730E-01, 5.621675631E-03,-3.110719835E-02, 1.402228032E+00
       147, 1.500000019E+00,-2.985773938E-17, 1.334374579E-02, 1.823819991E-01, 4.667928405E-03,-2.958648349E-02, 1.403536106E+00
       148, 1.649999926E+00,-2.844870149E-17, 1.334374599E-02, 1.816167708E-01, 3.998449056E-03,-2.783698973E-02, 1.408940416E+00
       149, 1.799999931E+00,-2.703966201E-17, 1.334374599E-02, 1.809680761E-01, 3.526824232E-03,-2.601389810E-02, 1.416307008E+00
       150, 1.950000082E+00,-2.563062182E-17, 1.334374619E-02, 1.804487146E-01, 3.191171832E-03,-2.421171355E-02, 1.424462581E+00
       151, 2.099999938E+00,-2.422158309E-17, 1.334374599E-02, 1.800448392E-01, 2.947582292E-03,-2.248240643E-02, 1.432774240E+00
       152, 2.250000061E+00,-2.281254251E-17, 1.334374599E-02, 1.797339539E-01, 2.762401109E-03,-2.086046753E-02, 1.440909941E+00
       153,-4.499999820E-01,-4.831789155E-17, 1.611345571E-02, 1.692205299E-01, 4.863128763E-04,-5.179445749E-04, 1.635189700E+00
       154,-3.000000143E-01,-4.702146302E-17, 1.611345604E-02, 1.701641952E-01, 9.482708672E-04,-1.029740326E-03, 1.615738964E+00
       155,-1.500000050E-01,-4.572503231E-17, 1.611345571E-02, 1.714785821E-01,-9.591415317E-03,-2.313017594E-03, 1.567384836E+00
       156,-1.092875790E-15,-4.442860254E-17, 1.611345571E-02, 1.560705085E-01,-1.107411156E-01,-5.037747265E-03, 1.811988210E+00
       157, 1.500000033E-01,-4.313217213E-17, 1.611345547E-02, 1.526308191E-01,-1.316250237E-03,-9.826469036E-03, 1.986071324E+00
       158, 3.000000072E-01,-4.183574303E-17, 1.611345571E-02, 1.546893971E-01, 1.696958488E-02,-1.965570707E-02, 1.892951857E+00
       159, 4.499999820E-01,-4.053931352E-17, 1.611345571E-02, 1.642449087E-01, 2.199453692E-02,-2.676235099E-02, 1.788867672E+00
       160, 5.999999973E-01,-3.924288234E-17, 1.611345523E-02, 1.733634657E-01, 2.150610106E-02,-3.082654758E-02, 1.681814190E+00
       161, 7.500000194E-01,-3.794645375E-17, 1.611345571E-02, 1.798859126E-01, 1.813120115E-02,-3.253243591E-02, 1.589108461E+00
       162, 8.999999851E-01,-3.665002532E-17, 1.611345607E-02, 1.836940017E-01, 1.432549883E-02,-3.293001509E-02, 1.520891881E+00
       163, 1.049999879E+00,-3.535359420E-17, 1.611345523E-02, 1.852245472E-01, 1.110069173E-02,-3.264487298E-02, 1.478977100E+00
       164, 1.200000032E+00,-3.405716448E-17, 1.611345571E-02, 1.853137621E-01, 8.725443494E-03,-3.186896771E-02, 1.457008188E+00
       165, 1.350000037E+00,-3.276073471E-17, 1.611345571E-02, 1.847047971E-01, 7.031150135E-03,-3.066738261E-02, 1.448649362E+00
       166, 1.500000019E+00,-3.146430448E-17, 1.611345547E-02, 1.838733821E-01, 5.844900556E-03,-2.914157747E-02, 1.448490464E+00
       167, 1.649999926E+00,-3.016787622E-17, 1.611345571E-02, 1.830570889E-01, 5.008133280E-03,-2.741722486E-02, 1.452996892E+00
       168, 1.799999931E+00,-2.887144646E-17, 1.611345571E-02, 1.823453950E-01, 4.414156044E-03,-2.562633785E-02, 1.459879704E+00
       169, 1.950000082E+00,-2.757501609E-17, 1.611345595E-02, 1.817576755E-01, 3.986387585E-03,-2.385280574E-02, 1.467844637E+00
       170, 2.099999938E+00,-2.627858695E-17, 1.611345571E-02, 1.812844970E-01, 3.671328754E-03,-2.214313561E-02, 1.476166469E+00
       171, 2.250000061E+00,-2.498215616E-17, 1.611345571E-02, 1.809056905E-01, 3.428318904E-03,-2.053250292E-02, 1.484442029E+00
       172,-4.499999820E-01,-4.852042169E-17, 2.004610928E-02, 1.673535628E-01, 6.221110943E-04,-5.021499265E-04, 1.700435502E+00
       173,-3.000000143E-01,-4.738388532E-17, 2.004610969E-02, 1.682900528E-01, 1.188473497E-03,-9.995082452E-04, 1.681543936E+00
       174,-1.500000033E-01,-4.624734610E-17, 2.004610898E-02, 1.694407544E-01,-1.112957628E-02,-2.279705949E-03, 1.633983173E+00
       175,-8.968520371E-16,-4.511080922E-17, 2.004610928E-02, 1.539743601E-01,-1.356557615E-01,-4.446922727E-03, 1.870011440E+00
       176, 1.500000033E-01,-4.397427098E-17, 2.004610898E-02, 1.519212013E-01,-1.837999390E-03,-1.289676531E-02, 1.987518788E+00
       177, 3.000000072E-01,-4.283773409E-17, 2.004610928E-02, 1.597036583E-01, 1.993950666E-02,-2.522804748E-02, 1.880488868E+00
       178, 4.499999820E-01,-4.170119674E-17, 2.004610928E-02, 1.711367189E-01, 2.617296222E-02,-3.173486844E-02, 1.793619832E+00
       179, 6.000000172E-01,-4.056465894E-17, 2.004610928E-02, 1.793530685E-01, 2.602119494E-02,-3.415428183E-02, 1.710109771E+00
       180, 7.500000194E-01,-3.942812139E-17, 2.004610928E-02, 1.841500715E-01, 2.235609362E-02,-3.436912935E-02, 1.634196964E+00
       181, 8.999999851E-01,-3.829158512E-17, 2.004610973E-02, 1.866188001E-01, 1.794968494E-02,-3.364623401E-02, 1.574292216E+00
       182, 1.049999909E+00,-3.715504716E-17, 2.004610928E-02, 1.874689389E-01, 1.407440864E-02,-3.260964629E-02, 1.534784214E+00
       183, 1.200000032E+00,-3.601850869E-17, 2.004610928E-02, 1.872808672E-01, 1.113701315E-02,-3.138749565E-02, 1.512218811E+00
       184, 1.350000037E+00,-3.488197111E-17, 2.004610928E-02, 1.865599784E-01, 9.013027304E-03,-2.995713328E-02, 1.502347658E+00
       185, 1.500000019E+00,-3.374543304E-17, 2.004610898E-02, 1.856671663E-01, 7.510203371E-03,-2.834708122E-02, 1.500784645E+00
       186, 1.649999926E+00,-3.260889688E-17, 2.004610928E-02, 1.847957742E-01, 6.441206782E-03,-2.661411896E-02, 1.504283906E+00
       187, 1.799999931E+00,-3.147235931E-17, 2.004610928E-02, 1.840227005E-01, 5.673937616E-03,-2.484985969E-02, 1.510530477E+00
       188, 1.950000082E+00,-3.033582130E-17, 2.004610958E-02, 1.833673513E-01, 5.111955700E-03,-2.311408001E-02, 1.518170897E+00
       189, 2.099999938E+00,-2.919928418E-17, 2.004610928E-02, 1.828225540E-01, 4.690837035E-03,-2.144090051E-02, 1.526404278E+00
       190, 2.250000061E+00,-2.806274571E-17, 2.004610928E-02, 1.823703804E-01, 4.360623262E-03,-1.986150998E-02, 1.534756172E+00
       191,-4.499999820E-01,-4.882501752E-17, 2.596063594E-02, 1.645292101E-01, 8.211345213E-04,-4.829018828E-04, 1.779511084E+00
       192,-3.000000143E-01,-4.792895148E-17, 2.596063647E-02, 1.654642389E-01, 1.536833788E-03,-9.633340492E-04, 1.761353551E+00
       193,-1.500000033E-01,-4.703288260E-17, 2.596063555E-02, 1.664801761E-01,-1.285305078E-02,-2.247763998E-03, 1.713918039E+00
       194,-1.193489751E-15,-4.613681609E-17, 2.596063594E-02, 1.523055601E-01,-1.705522668E-01,-6.972091536E-03, 1.913112286E+00
       195, 1.500000033E-01,-4.524074820E-17, 2.596063555E-02, 1.544004791E-01,-7.539124124E-04,-2.771619265E-02, 1.915747414E+00
       196, 3.000000072E-01,-4.434468168E-17, 2.596063594E-02, 1.694729368E-01, 2.419567713E-02,-4.141919307E-02, 1.814395860E+00
       197, 4.499999820E-01,-4.344861466E-17, 2.596063594E-02, 1.827657300E-01, 3.117807137E-02,-4.446614877E-02, 1.759473461E+00
       198, 6.000000172E-01,-4.255254727E-17, 2.596063594E-02, 1.897484413E-01, 3.130418892E-02,-4.243597064E-02, 1.711731770E+00
       199, 7.500000194E-01,-4.165648007E-17, 2.596063594E-02, 1.919867162E-01, 2.750332193E-02,-3.913287564E-02, 1.663913796E+00
       200, 8.999999851E-01,-4.076041413E-17, 2.596063652E-02, 1.920325470E-01, 2.254684463E-02,-3.602198022E-02, 1.622158223E+00
       201, 1.049999909E+00,-3.986434638E-17, 2.596063594E-02, 1.912860207E-01, 1.804389536E-02,-3.339955931E-02, 1.591854869E+00
       202, 1.200000069E+00,-3.896827961E-17, 2.596063671E-02, 1.902381232E-01, 1.447071248E-02,-3.117520049E-02, 1.573368589E+00
       203, 1.350000037E+00,-3.807221125E-17, 2.596063594E-02, 1.891014182E-01, 1.182154800E-02,-2.915742500E-02, 1.564376051E+00
       204, 1.500000019E+00,-3.717614350E-17, 2.596063555E-02, 1.880096844E-01, 9.902069140E-03,-2.723462975E-02, 1.562576457E+00
       205, 1.649999926E+00,-3.628007756E-17, 2.596063594E-02, 1.870272522E-01, 8.512631057E-03,-2.536786240E-02, 1.565553837E+00
       206, 1.799999931E+00,-3.538401035E-17, 2.596063594E-02, 1.861723598E-01, 7.498596690E-03,-2.357049678E-02, 1.571342926E+00
       207, 1.950000082E+00,-3.448794295E-17, 2.596063633E-02, 1.854418308E-01, 6.740647646E-03,-2.185105587E-02, 1.578713207E+00
       208, 2.099999938E+00,-3.359187595E-17, 2.596063594E-02, 1.848203254E-01, 6.157504663E-03,-2.021852309E-02, 1.586865554E+00
       209, 2.250000061E+00,-3.269580803E-17, 2.596063594E-02, 1.842881236E-01, 5.689979456E-03,-1.868758185E-02, 1.595291026E+00
       210,-4.499999820E-01,-4.928747304E-17, 3.494042240E-02, 1.602547414E-01, 1.104763760E-03,-4.603271212E-04, 1.873203535E+00
       211,-3.000000143E-01,-4.875650336E-17, 3.494042311E-02, 1.611904951E-01, 2.038515367E-03,-9.202457558E-04, 1.856084207E+00
       212,-1.500000050E-01,-4.822553158E-17, 3.494042240E-02, 1.621334346E-01,-1.479801620E-02,-2.233201206E-03, 1.807501098E+00
       213,-1.108488301E-15,-4.769456079E-17, 3.494042240E-02, 1.532632574E-01,-2.097225372E-01,-2.350047628E-02, 1.849780022E+00
       214, 1.500000033E-01,-4.716358930E-17, 3.494042188E-02, 1.620561682E-01, 3.257016150E-03,-7.133268029E-02, 1.693793595E+00
       215, 3.000000072E-01,-4.663261923E-17, 3.494042240E-02, 1.833201174E-01, 2.962600731E-02,-7.922193719E-02, 1.658090985E+00
       216, 4.499999820E-01,-4.610164855E-17, 3.494042240E-02, 1.987833244E-01, 3.662257161E-02,-7.086924764E-02, 1.662664440E+00
       217, 5.999999973E-01,-4.557067631E-17, 3.494042136E-02, 2.049301282E-01, 3.671263069E-02,-5.933451811E-02, 1.665373400E+00
       218, 7.500000434E-01,-4.503970822E-17, 3.494042344E-02, 2.044940751E-01, 3.286627693E-02,-4.939777123E-02, 1.659351066E+00
       219, 8.999999640E-01,-4.450873631E-17, 3.494042240E-02, 2.014314996E-01, 2.760613450E-02,-4.183992418E-02, 1.648402977E+00
       220, 1.049999909E+00,-4.397776573E-17, 3.494042240E-02, 1.980890762E-01, 2.266861419E-02,-3.620987211E-02, 1.637561457E+00
       221, 1.200000069E+00,-4.344679582E-17, 3.494042344E-02, 1.952695138E-01, 1.858047648E-02,-3.200326117E-02, 1.631151561E+00
       222, 1.350000037E+00,-4.291582374E-17, 3.494042240E-02, 1.930648877E-01, 1.542503575E-02,-2.873380719E-02, 1.628955735E+00
       223, 1.500000019E+00,-4.238485233E-17, 3.494042188E-02, 1.913785931E-01, 1.306342656E-02,-2.604388176E-02, 1.630644195E+00
       224, 1.649999926E+00,-4.185388260E-17, 3.494042240E-02, 1.900662088E-01, 1.129670986E-02,-2.376699264E-02, 1.635258748E+00
       225, 1.799999931E+00,-4.132291181E-17, 3.494042240E-02, 1.890127956E-01, 9.967464530E-03,-2.177322957E-02, 1.641883919E+00
       226, 1.950000082E+00,-4.079194122E-17, 3.494042292E-02, 1.881442613E-01, 8.942202320E-03,-1.998314238E-02, 1.649768049E+00
       227, 2.099999938E+00,-4.026097025E-17, 3.494042240E-02, 1.874096131E-01, 8.127021705E-03,-1.835699119E-02, 1.658320093E+00
       228, 2.250000061E+00,-3.972999904E-17, 3.494042240E-02, 1.867724828E-01, 7.457240984E-03,-1.687207059E-02, 1.667124870E+00
       229,-4.499999820E-01,-4.995179610E-17, 4.783999642E-02, 1.542751484E-01, 1.458615322E-03,-4.364775748E-04, 1.974791457E+00
       230,-3.000000143E-01,-4.994529185E-17, 4.783999740E-02, 1.551819410E-01, 2.689698759E-03,-8.729055430E-04, 1.959116494E+00
       231,-1.500000050E-01,-4.993878555E-17, 4.783999642E-02, 1.562268854E-01,-1.615340507E-02,-2.288526795E-03, 1.907537625E+00
       232,-1.380839887E-15,-4.993228028E-17, 4.783999642E-02, 1.590498073E-01,-2.261648687E-01,-7.436586190E-02, 1.577502232E+00
       233, 1.500000033E-01,-4.992577427E-17, 4.783999571E-02, 1.695518145E-01, 6.318401105E-03,-1.555633072E-01, 1.348816938E+00
       234, 3.000000072E-01,-4.991926974E-17, 4.783999642E-02, 1.956730477E-01, 3.380194525E-02,-1.377764078E-01, 1.412365154E+00
       235, 4.499999820E-01,-4.991276447E-17, 4.783999642E-02, 2.153825617E-01, 4.078848204E-02,-1.083115043E-01, 1.488186825E+00
       236, 5.999999973E-01,-4.990625771E-17, 4.783999500E-02, 2.222151456E-01, 4.047426126E-02,-8.347828868E-02, 1.552866148E+00
       237, 7.500000434E-01,-4.989975541E-17, 4.783999785E-02, 2.202877589E-01, 3.655445254E-02,-6.475370832E-02, 1.601207243E+00
       238, 8.999999640E-01,-4.989324866E-17, 4.783999642E-02, 2.146842045E-01, 3.147114982E-02,-5.113403736E-02, 1.633273224E+00
       239, 1.049999909E+00,-4.988674339E-17, 4.783999642E-02, 2.086220989E-01, 2.654820456E-02,-4.128381800E-02, 1.653861639E+00
       240, 1.200000069E+00,-4.988023960E-17, 4.783999785E-02, 2.034712976E-01, 2.236829201E-02,-3.413998608E-02, 1.668823211E+00
       241, 1.350000037E+00,-4.987373284E-17, 4.783999642E-02, 1.995131385E-01, 1.897509977E-02,-2.891209613E-02, 1.681540766E+00
       242, 1.500000019E+00,-4.986722682E-17, 4.783999571E-02, 1.966192237E-01, 1.635513648E-02,-2.497216564E-02, 1.692987139E+00
       243, 1.649999926E+00,-4.986072230E-17, 4.783999642E-02, 1.945225059E-01, 1.430727368E-02,-2.195131333E-02, 1.703842583E+00
       244, 1.799999931E+00,-4.985421703E-17, 4.783999642E-02, 1.929555662E-01, 1.268497645E-02,-1.953851944E-02, 1.714523678E+00
       245, 1.950000082E+00,-4.984771250E-17, 4.783999714E-02, 1.917351965E-01, 1.137016770E-02,-1.754529341E-02, 1.725115819E+00
       246, 2.099999938E+00,-4.984120649E-17, 4.783999642E-02, 1.907418941E-01, 1.028166907E-02,-1.585707808E-02, 1.735560554E+00
       247, 2.250000061E+00,-4.983470121E-17, 4.783999642E-02, 1.898972527E-01, 9.358737997E-03,-1.439614648E-02, 1.745771041E+00
       248,-4.499999820E-01,-5.078402983E-17, 6.399999642E-02, 1.473601911E-01, 1.797164934E-03,-4.153385984E-04, 2.069153265E+00
       249,-3.000000143E-01,-5.143455203E-17, 6.399999774E-02, 1.481764745E-01, 3.397491190E-03,-8.295941673E-04, 2.055152597E+00
       250,-1.500000050E-01,-5.208507226E-17, 6.399999642E-02, 1.495160238E-01,-1.578692884E-02,-2.399868416E-03, 1.998555903E+00
       251,-1.726049859E-15,-5.273559355E-17, 6.399999642E-02, 1.652731096E-01,-1.998227719E-01,-1.441312109E-01, 1.403415740E+00
       252, 1.500000033E-01,-5.338611404E-17, 6.399999547E-02, 1.739064246E-01, 7.065407413E-03,-2.426454118E-01, 1.086055480E+00
       253, 3.000000072E-01,-5.403663611E-17, 6.399999642E-02, 2.016314041E-01, 3.450392878E-02,-1.842971618E-01, 1.150899682E+00
       254, 4.499999820E-01,-5.468715726E-17, 6.399999642E-02, 2.264272322E-01, 4.130132155E-02,-1.361420254E-01, 1.267547480E+00
       255, 5.999999973E-01,-5.533767702E-17, 6.399999452E-02, 2.358750652E-01, 4.045597248E-02,-1.019146168E-01, 1.389558984E+00
       256, 7.500000434E-01,-5.598820163E-17, 6.399999833E-02, 2.346788089E-01, 3.654263111E-02,-7.688412049E-02, 1.493714759E+00
       257, 8.999999640E-01,-5.663872098E-17, 6.399999642E-02, 2.284725820E-01, 3.208355483E-02,-5.849665698E-02, 1.573782546E+00
       258, 1.049999909E+00,-5.728924200E-17, 6.399999642E-02, 2.210034233E-01, 2.781191429E-02,-4.510997444E-02, 1.632572356E+00
       259, 1.200000069E+00,-5.793976554E-17, 6.399999833E-02, 2.141373989E-01, 2.408491479E-02,-3.538982041E-02, 1.676017288E+00
       260, 1.350000037E+00,-5.859028509E-17, 6.399999642E-02, 2.085137843E-01, 2.092856007E-02,-2.835334385E-02, 1.709291828E+00
       261, 1.500000019E+00,-5.924080549E-17, 6.399999547E-02, 2.041733172E-01, 1.838281067E-02,-2.327000256E-02, 1.735582761E+00
       262, 1.649999926E+00,-5.989132714E-17, 6.399999642E-02, 2.009184338E-01, 1.629948043E-02,-1.951870350E-02, 1.757381858E+00
       263, 1.799999931E+00,-6.054184842E-17, 6.399999642E-02, 1.984600579E-01, 1.455173696E-02,-1.668030301E-02, 1.775917840E+00
       264, 1.950000082E+00,-6.119237113E-17, 6.399999738E-02, 1.965585182E-01, 1.304795851E-02,-1.448826495E-02, 1.792109078E+00
       265, 2.099999938E+00,-6.184289098E-17, 6.399999642E-02, 1.950378226E-01, 1.173948153E-02,-1.275477514E-02, 1.806599036E+00
       266, 2.250000061E+00,-6.249341278E-17, 6.399999642E-02, 1.937711068E-01, 1.058530434E-02,-1.135210781E-02, 1.819800758E+00
       267,-4.499999820E-01,-5.160802362E-17, 7.999999642E-02, 1.413242910E-01, 2.023693046E-03,-4.004735661E-04, 2.139585141E+00
       268,-3.000000143E-01,-5.290906707E-17, 7.999999806E-02, 1.420274907E-01, 4.000449222E-03,-7.996781862E-04, 2.126964991E+00
       269,-1.500000050E-01,-5.421010860E-17, 7.999999642E-02, 1.436138742E-01,-1.270068756E-02,-2.528194091E-03, 2.064955298E+00
       270,-2.067790383E-15,-5.551115123E-17, 7.999999642E-02, 1.651512001E-01,-1.503369816E-01,-2.000508828E-01, 1.473825191E+00
       271, 1.500000033E-01,-5.681219302E-17, 7.999999523E-02, 1.781890440E-01, 1.205058643E-02,-2.665713383E-01, 9.766170782E-01
       272, 3.000000072E-01,-5.811323647E-17, 7.999999642E-02, 2.031638912E-01, 3.339593580E-02,-1.849924074E-01, 9.647889512E-01
       273, 4.499999820E-01,-5.941427884E-17, 7.999999642E-02, 2.304265466E-01, 3.821983805E-02,-1.348400411E-01, 1.085933469E+00
       274, 5.999999973E-01,-6.071531990E-17, 7.999999404E-02, 2.429541118E-01, 3.693468682E-02,-1.006857027E-01, 1.242044443E+00
       275, 7.500000434E-01,-6.201636620E-17, 7.999999881E-02, 2.439562732E-01, 3.326821980E-02,-7.543805062E-02, 1.385775952E+00
       276, 8.999999640E-01,-6.331740644E-17, 7.999999642E-02, 2.389184833E-01, 2.956719426E-02,-5.645863034E-02, 1.503048018E+00
       277, 1.049999909E+00,-6.461844855E-17, 7.999999642E-02, 2.316560462E-01, 2.617935214E-02,-4.244665607E-02, 1.593544532E+00
       278, 1.200000069E+00,-6.591949419E-17, 7.999999881E-02, 2.243116518E-01, 2.315815446E-02,-3.223887824E-02, 1.662687786E+00
       279, 1.350000037E+00,-6.722053484E-17, 7.999999642E-02, 2.178220953E-01, 2.053800927E-02,-2.484529939E-02, 1.715691026E+00
       280, 1.500000019E+00,-6.852157644E-17, 7.999999523E-02, 2.124652617E-01, 1.828180290E-02,-1.956506373E-02, 1.756814658E+00
       281, 1.649999926E+00,-6.982261905E-17, 7.999999642E-02, 2.081861130E-01, 1.633821230E-02,-1.572965467E-02, 1.789883348E+00
       282, 1.799999931E+00,-7.112366168E-17, 7.999999642E-02, 2.047896096E-01, 1.463818909E-02,-1.291235419E-02, 1.816935408E+00
       283, 1.950000082E+00,-7.242470641E-17, 7.999999762E-02, 2.020751353E-01, 1.309810945E-02,-1.082800894E-02, 1.839583146E+00
       284, 2.099999938E+00,-7.372574692E-17, 7.999999642E-02, 1.998664571E-01, 1.170049591E-02,-9.264003711E-03, 1.858955221E+00
       285, 2.250000061E+00,-7.502679057E-17, 7.999999642E-02, 1.980187732E-01, 1.042714121E-02,-8.072645722E-03, 1.875868594E+00
       286,-4.499999820E-01,-4.951950786E-17, 9.684210219E-02, 1.357374864E-01, 2.167405525E-03,-3.886672929E-04, 2.197784530E+00
       287,-3.000000143E-01,-5.078631330E-17, 9.684210417E-02, 1.363421829E-01, 4.558346737E-03,-7.767072915E-04, 2.186255953E+00
       288,-1.500000050E-01,-5.205311691E-17, 9.684210219E-02, 1.381515463E-01,-6.454017491E-03,-2.681087391E-03, 2.119110597E+00
       289,-1.941155570E-15,-5.331992158E-17, 9.684210219E-02, 1.621186094E-01,-1.037225702E-01,-2.290817939E-01, 1.470344978E+00
       290, 1.500000033E-01,-5.458672544E-17, 9.684210075E-02, 1.814349415E-01, 1.839088454E-02,-2.066689200E-01, 9.074598484E-01
       291, 3.000000072E-01,-5.585353089E-17, 9.684210219E-02, 2.043758098E-01, 3.104405930E-02,-1.364212302E-01, 8.460518895E-01
       292, 4.499999820E-01,-5.712033530E-17, 9.684210219E-02, 2.326027648E-01, 3.285123930E-02,-9.994294283E-02, 9.576474358E-01
       293, 5.999999973E-01,-5.838713846E-17, 9.684209930E-02, 2.479173566E-01, 3.127287566E-02,-7.471120130E-02, 1.129111527E+00
       294, 7.500000434E-01,-5.965394666E-17, 9.684210507E-02, 2.514863827E-01, 2.813160000E-02,-5.550801194E-02, 1.298768240E+00
       295, 8.999999640E-01,-6.092074902E-17, 9.684210219E-02, 2.482610896E-01, 2.516779835E-02,-4.087128305E-02, 1.442310935E+00
       296, 1.049999909E+00,-6.218755318E-17, 9.684210219E-02, 2.419398439E-01, 2.255492040E-02,-3.000155485E-02, 1.556675359E+00
       297, 1.200000069E+00,-6.345436075E-17, 9.684210507E-02, 2.347787026E-01, 2.018275008E-02,-2.204348736E-02, 1.646286183E+00
       298, 1.350000037E+00,-6.472116351E-17, 9.684210219E-02, 2.279060514E-01, 1.810172574E-02,-1.629196822E-02, 1.716309890E+00
       299, 1.500000019E+00,-6.598796719E-17, 9.684210075E-02, 2.218238700E-01, 1.618855015E-02,-1.219935866E-02, 1.771145054E+00
       300, 1.649999926E+00,-6.725477182E-17, 9.684210219E-02, 2.166559795E-01, 1.447090037E-02,-9.299674358E-03, 1.814533976E+00
       301, 1.799999931E+00,-6.852157649E-17, 9.684210219E-02, 2.123269795E-01, 1.289770364E-02,-7.243610648E-03, 1.849617836E+00
       302, 1.950000082E+00,-6.978838319E-17, 9.684210363E-02, 2.087145636E-01, 1.142157656E-02,-5.797628858E-03, 1.878658004E+00
       303, 2.099999938E+00,-7.105518580E-17, 9.684210219E-02, 2.056820835E-01, 1.003880025E-02,-4.781197587E-03, 1.903063955E+00
       304, 2.250000061E+00,-7.232199146E-17, 9.684210219E-02, 2.030978025E-01, 8.745791528E-03,-4.065216180E-03, 1.923921933E+00
       305,-4.499999820E-01,-4.743099209E-17, 1.136842080E-01, 1.307085140E-01, 2.251112452E-03,-3.787935374E-04, 2.245613641E+00
       306,-3.000000143E-01,-4.866355953E-17, 1.136842103E-01, 1.312616792E-01, 5.075843048E-03,-7.583096257E-04, 2.234869285E+00
       307,-1.500000050E-01,-4.989612522E-17, 1.136842080E-01, 1.332895240E-01, 1.504145567E-03,-2.561749736E-03, 2.163789094E+00
       308,-1.986258380E-15,-5.112869192E-17, 1.136842080E-01, 1.599172715E-01,-6.255825468E-02,-8.565333329E-02, 1.462823526E+00
       309, 1.500000033E-01,-5.236125785E-17, 1.136842063E-01, 1.842048533E-01, 1.883371697E-02,-7.218664044E-02, 8.508264329E-01
       310, 3.000000072E-01,-5.359382531E-17, 1.136842080E-01, 2.081224077E-01, 2.664186227E-02,-4.820283151E-02, 7.928975973E-01
       311, 4.499999820E-01,-5.482639176E-17, 1.136842080E-01, 2.374211832E-01, 2.656576257E-02,-3.477153808E-02, 8.946340584E-01
       312, 5.999999973E-01,-5.605895703E-17, 1.136842046E-01, 2.546575092E-01, 2.456663459E-02,-2.510227926E-02, 1.070520900E+00
       313, 7.500000434E-01,-5.729152711E-17, 1.136842113E-01, 2.600766590E-01, 2.203078511E-02,-1.762770466E-02, 1.253940249E+00
       314, 8.999999640E-01,-5.852409160E-17, 1.136842080E-01, 2.582255939E-01, 1.969756915E-02,-1.205678459E-02, 1.412534904E+00
       315, 1.049999909E+00,-5.975665781E-17, 1.136842080E-01, 2.526684749E-01, 1.760636567E-02,-7.977709907E-03, 1.541055581E+00
       316, 1.200000069E+00,-6.098922731E-17, 1.136842113E-01, 2.456964311E-01, 1.565084825E-02,-5.004301441E-03, 1.643411737E+00
       317, 1.350000037E+00,-6.222179218E-17, 1.136842080E-01, 2.385355934E-01, 1.393425658E-02,-2.901854974E-03, 1.724273889E+00
       318, 1.500000019E+00,-6.345435793E-17, 1.136842063E-01, 2.318192098E-01, 1.232091483E-02,-1.449588024E-03, 1.788492308E+00
       319, 1.649999926E+00,-6.468692459E-17, 1.136842080E-01, 2.258260510E-01, 1.085618406E-02,-5.213906895E-04, 1.839363088E+00
       320, 1.799999931E+00,-6.591949130E-17, 1.136842080E-01, 2.205874134E-01, 9.449442792E-03, 3.307296779E-05, 1.880657311E+00
       321, 1.950000082E+00,-6.715205997E-17, 1.136842096E-01, 2.160493607E-01, 8.107955005E-03, 3.184397134E-04, 1.914777552E+00
       322, 2.099999938E+00,-6.838462468E-17, 1.136842080E-01, 2.121247030E-01, 6.834020093E-03, 4.231927970E-04, 1.943293343E+00
       323, 2.250000061E+00,-6.961719235E-17, 1.136842080E-01, 2.087105648E-01, 5.627751767E-03, 4.132100206E-04, 1.967443896E+00
       324,-4.499999820E-01,-4.534247632E-17, 1.305263137E-01, 1.260311710E-01, 2.296726696E-03,-3.698746975E-04, 2.286712653E+00
       325,-3.000000143E-01,-4.654080576E-17, 1.305263164E-01, 1.265824276E-01, 5.554644584E-03,-7.417171170E-04, 2.276561400E+00
       326,-1.500000050E-01,-4.773913353E-17, 1.305263137E-01, 1.288264779E-01, 1.073612982E-02,-2.212072623E-03, 2.204021690E+00
       327,-1.687885942E-15,-4.893746227E-17, 1.305263137E-01, 1.589002809E-01, 2.492218213E-03, 1.642555658E-01, 1.424347900E+00
       328, 1.500000033E-01,-5.013579027E-17, 1.305263118E-01, 1.883968664E-01, 1.542938891E-02, 8.913780638E-02, 8.259498203E-01
       329, 3.000000072E-01,-5.133411973E-17, 1.305263137E-01, 2.164776503E-01, 2.013415123E-02, 5.584528487E-02, 7.855394768E-01
       330, 4.499999820E-01,-5.253244822E-17, 1.305263137E-01, 2.475139721E-01, 1.843271145E-02, 4.306361200E-02, 8.909953623E-01
       331, 5.999999973E-01,-5.373077559E-17, 1.305263098E-01, 2.657241635E-01, 1.582857954E-02, 3.450997124E-02, 1.071530736E+00
       332, 7.500000434E-01,-5.492910757E-17, 1.305263176E-01, 2.717630887E-01, 1.396423736E-02, 2.773276143E-02, 1.259936971E+00
       333, 8.999999640E-01,-5.612743418E-17, 1.305263137E-01, 2.702359740E-01, 1.241920299E-02, 2.225014072E-02, 1.423646017E+00
       334, 1.049999909E+00,-5.732576243E-17, 1.305263137E-01, 2.646881804E-01, 1.091419003E-02, 1.805846847E-02, 1.557108792E+00
       335, 1.200000069E+00,-5.852409387E-17, 1.305263176E-01, 2.574307551E-01, 9.441070978E-03, 1.484818212E-02, 1.664149377E+00
       336, 1.350000037E+00,-5.972242085E-17, 1.305263137E-01, 2.497310273E-01, 8.081004054E-03, 1.242310885E-02, 1.749373367E+00
       337, 1.500000019E+00,-6.092074868E-17, 1.305263118E-01, 2.422643955E-01, 6.790272184E-03, 1.056034991E-02, 1.817676511E+00
       338, 1.649999926E+00,-6.211907737E-17, 1.305263137E-01, 2.353808703E-01, 5.592829403E-03, 9.039213898E-03, 1.872559015E+00
       339, 1.799999931E+00,-6.331740611E-17, 1.305263137E-01, 2.291853142E-01, 4.430113722E-03, 7.748111552E-03, 1.917495932E+00
       340, 1.950000082E+00,-6.451573674E-17, 1.305263157E-01, 2.236767617E-01, 3.317765785E-03, 6.640181007E-03, 1.954669293E+00
       341, 2.099999938E+00,-6.571406356E-17, 1.305263137E-01, 2.188074200E-01, 2.257774118E-03, 5.674792392E-03, 1.985699843E+00
       342, 2.250000061E+00,-6.691239324E-17, 1.305263137E-01, 2.145020146E-01, 1.248193115E-03, 4.834868730E-03, 2.011889969E+00
       343,-4.499999820E-01,-4.325396055E-17, 1.473684195E-01, 1.215587507E-01, 2.323981129E-03,-3.625384649E-04, 2.323231201E+00
       344,-3.000000143E-01,-4.441805199E-17, 1.473684225E-01, 1.221461137E-01, 6.002991964E-03,-7.257733124E-04, 2.313603013E+00
       345,-1.500000050E-01,-4.558214184E-17, 1.473684195E-01, 1.245536347E-01, 2.023322009E-02,-2.022728626E-03, 2.243025055E+00
       346,-1.562985852E-15,-4.674623262E-17, 1.473684195E-01, 1.581756794E-01, 7.167484689E-02, 2.573570418E-01, 1.436161314E+00
       347, 1.500000033E-01,-4.791032268E-17, 1.473684173E-01, 1.945993587E-01, 1.569538142E-02, 2.153937673E-01, 8.486938649E-01
       348, 3.000000072E-01,-4.907441414E-17, 1.473684195E-01, 2.297723627E-01, 1.218617627E-02, 1.429620170E-01, 8.218811939E-01
       349, 4.499999820E-01,-5.023850468E-17, 1.473684195E-01, 2.625765024E-01, 7.103375435E-03, 1.075289641E-01, 9.500964982E-01
       350, 5.999999973E-01,-5.140259415E-17, 1.473684151E-01, 2.806604478E-01, 4.045646000E-03, 8.322789700E-02, 1.137004923E+00
       351, 7.500000434E-01,-5.256668803E-17, 1.473684239E-01, 2.860703128E-01, 3.101350523E-03, 6.460204193E-02, 1.322329159E+00
       352, 8.999999640E-01,-5.373077675E-17, 1.473684195E-01, 2.837993576E-01, 2.668948552E-03, 5.026974329E-02, 1.481297145E+00
       353, 1.049999909E+00,-5.489486706E-17, 1.473684195E-01, 2.774787433E-01, 2.080967102E-03, 3.950148363E-02, 1.610488888E+00
       354, 1.200000032E+00,-5.605895875E-17, 1.473684195E-01, 2.694033439E-01, 1.356669148E-03, 3.133704227E-02, 1.714387132E+00
       355, 1.350000037E+00,-5.722304953E-17, 1.473684195E-01, 2.608269185E-01, 5.377980090E-04, 2.524379266E-02, 1.797991463E+00
       356, 1.500000019E+00,-5.838713943E-17, 1.473684173E-01, 2.524287962E-01,-3.073567551E-04, 2.063106640E-02, 1.865542641E+00
       357, 1.649999926E+00,-5.955123014E-17, 1.473684195E-01, 2.445592158E-01,-1.127714422E-03, 1.705094813E-02, 1.920504472E+00
       358, 1.799999931E+00,-6.071532091E-17, 1.473684195E-01, 2.373569025E-01,-1.927081108E-03, 1.420655886E-02, 1.965785253E+00
       359, 1.950000082E+00,-6.187941352E-17, 1.473684217E-01, 2.308544825E-01,-2.692690523E-03, 1.191350819E-02, 2.003365415E+00
       360, 2.099999938E+00,-6.304350244E-17, 1.473684195E-01, 2.250302932E-01,-3.428970528E-03, 1.004183160E-02, 2.034778906E+00
       361, 2.250000061E+00,-6.420759413E-17, 1.473684195E-01, 2.198279616E-01,-4.137935186E-03, 8.499565056E-03, 2.061289336E+00
       362,-4.499999820E-01,-1.521877472E-16, 1.642105252E-01, 1.172179000E-01, 2.337293299E-03,-3.573830288E-04, 2.356393114E+00
       363,-3.000000143E-01,-1.533176030E-16, 1.642105286E-01, 1.178611339E-01, 6.402485996E-03,-7.114479978E-04, 2.347315279E+00
       364,-1.500000050E-01,-1.544474526E-16, 1.642105252E-01, 1.203493650E-01, 2.890743360E-02,-1.975834070E-03, 2.281741890E+00
       365,-1.271552308E-15,-1.555773054E-16, 1.642105252E-01, 1.544236183E-01, 1.363785156E-01, 2.130204029E-01, 1.533900568E+00
       366, 1.500000033E-01,-1.567071559E-16, 1.642105228E-01, 2.021074410E-01, 2.307984420E-02, 2.670367967E-01, 9.287557163E-01
       367, 3.000000072E-01,-1.578370110E-16, 1.642105252E-01, 2.457215468E-01, 2.578475873E-03, 1.894557449E-01, 9.339904603E-01
       368, 4.499999820E-01,-1.589668636E-16, 1.642105252E-01, 2.791677894E-01,-7.105976947E-03, 1.415973992E-01, 1.087651841E+00
       369, 5.999999973E-01,-1.600967119E-16, 1.642105204E-01, 2.959618905E-01,-1.021536789E-02, 1.083843573E-01, 1.272850499E+00
       370, 7.500000434E-01,-1.612265743E-16, 1.642105301E-01, 2.999243801E-01,-9.892856460E-03, 8.359819153E-02, 1.444180653E+00
       371, 8.999999640E-01,-1.623564218E-16, 1.642105252E-01, 2.963358883E-01,-8.984077507E-03, 6.501658724E-02, 1.587998530E+00
       372, 1.049999909E+00,-1.634862742E-16, 1.642105252E-01, 2.888682582E-01,-8.452397030E-03, 5.109553397E-02, 1.704176365E+00
       373, 1.200000069E+00,-1.646161328E-16, 1.642105301E-01, 2.797546095E-01,-8.251721823E-03, 4.056566296E-02, 1.797813249E+00
       374, 1.350000037E+00,-1.657459807E-16, 1.642105252E-01, 2.701817968E-01,-8.313930112E-03, 3.261542110E-02, 1.873785891E+00
       375, 1.500000019E+00,-1.668758310E-16, 1.642105228E-01, 2.608162754E-01,-8.537041576E-03, 2.654291003E-02, 1.935676954E+00
       376, 1.649999926E+00,-1.680056854E-16, 1.642105252E-01, 2.520001958E-01,-8.830214960E-03, 2.184590633E-02, 1.986370310E+00
       377, 1.799999931E+00,-1.691355382E-16, 1.642105252E-01, 2.438737425E-01,-9.147038047E-03, 1.815279745E-02, 2.028364935E+00
       378, 1.950000082E+00,-1.702653944E-16, 1.642105277E-01, 2.364788857E-01,-9.478491032E-03, 1.519305336E-02, 2.063402503E+00
       379, 2.099999938E+00,-1.713952438E-16, 1.642105252E-01, 2.298080428E-01,-9.814751206E-03, 1.280834287E-02, 2.092808474E+00
       380, 2.250000061E+00,-1.725250975E-16, 1.642105252E-01, 2.238143559E-01,-1.015250714E-02, 1.085824373E-02, 2.117696823E+00
       381,-4.499999820E-01,-8.678182503E-17, 1.810526310E-01, 1.129939731E-01, 2.331988102E-03,-3.528352282E-04, 2.386888645E+00
       382,-3.000000143E-01,-9.047952622E-17, 1.810526347E-01, 1.136944734E-01, 6.729871428E-03,-6.980172250E-04, 2.378449974E+00
       383,-1.500000050E-01,-9.417722443E-17, 1.810526310E-01, 1.161881883E-01, 3.569718460E-02,-1.949119194E-03, 2.320404599E+00
       384,-1.148386941E-15,-9.787492454E-17, 1.810526310E-01, 1.506714285E-01, 2.056192441E-01, 1.566128168E-01, 1.552536439E+00
       385, 1.500000033E-01,-1.015726231E-16, 1.810526283E-01, 2.095160465E-01, 3.098767662E-02, 2.402370551E-01, 1.115687529E+00
       386, 3.000000072E-01,-1.052703247E-16, 1.810526310E-01, 2.587570222E-01,-8.326552448E-03, 1.878659740E-01, 1.163543570E+00
       387, 4.499999820E-01,-1.089680241E-16, 1.810526310E-01, 2.909233059E-01,-2.200487146E-02, 1.426652076E-01, 1.319110681E+00
       388, 5.999999973E-01,-1.126657215E-16, 1.810526256E-01, 3.058003028E-01,-2.478237278E-02, 1.095169140E-01, 1.481666235E+00
       389, 7.500000434E-01,-1.163634285E-16, 1.810526364E-01, 3.083959220E-01,-2.320078956E-02, 8.488031056E-02, 1.623791164E+00
       390, 8.999999640E-01,-1.200611236E-16, 1.810526310E-01, 3.038000427E-01,-2.104390239E-02, 6.653362811E-02, 1.741044630E+00
       391, 1.049999909E+00,-1.237588222E-16, 1.810526310E-01, 2.955193959E-01,-1.940823373E-02, 5.272999707E-02, 1.835689761E+00
       392, 1.200000069E+00,-1.274565291E-16, 1.810526364E-01, 2.857028097E-01,-1.829253242E-02, 4.222481447E-02, 1.912354833E+00
       393, 1.350000037E+00,-1.311542253E-16, 1.810526310E-01, 2.754767620E-01,-1.755350451E-02, 3.415965005E-02, 1.974925561E+00
       394, 1.500000019E+00,-1.348519234E-16, 1.810526283E-01, 2.654763984E-01,-1.708572037E-02, 2.791841757E-02, 2.026345912E+00
       395, 1.649999926E+00,-1.385496226E-16, 1.810526310E-01, 2.560411352E-01,-1.679150939E-02, 2.306875902E-02, 2.068823463E+00
       396, 1.799999931E+00,-1.422473227E-16, 1.810526310E-01, 2.473081156E-01,-1.659204892E-02, 1.925039028E-02, 2.104281141E+00
       397, 1.950000082E+00,-1.459450278E-16, 1.810526337E-01, 2.393219758E-01,-1.644115259E-02, 1.620061212E-02, 2.134095051E+00
       398, 2.099999938E+00,-1.496427228E-16, 1.810526310E-01, 2.320816568E-01,-1.634216948E-02, 1.373726188E-02, 2.159301922E+00
       399, 2.250000061E+00,-1.533404258E-16, 1.810526310E-01, 2.255469964E-01,-1.627441176E-02, 1.172088972E-02, 2.180771582E+00
       400,-4.499999820E-01,-2.506218923E-17, 1.978947368E-01, 1.089106522E-01, 2.307104271E-03,-3.476528521E-04, 2.415112969E+00
       401,-3.000000143E-01,-2.547304524E-17, 1.978947408E-01, 1.096551062E-01, 6.963283599E-03,-6.833333867E-04, 2.407438125E+00
       402,-1.500000050E-01,-2.588390028E-17, 1.978947368E-01, 1.120454897E-01, 3.999101219E-02,-1.914480234E-03, 2.359085748E+00
       403,-1.179611964E-15,-2.629475585E-17, 1.978947368E-01, 1.484785707E-01, 2.527913687E-01, 8.145351522E-02, 1.835675211E+00
       404, 1.500000033E-01,-2.670561102E-17, 1.978947338E-01, 2.115013472E-01, 3.307744053E-02, 1.566983277E-01, 1.482685253E+00
       405, 3.000000072E-01,-2.711646697E-17, 1.978947368E-01, 2.603519807E-01,-1.804016057E-02, 1.420754237E-01, 1.519156978E+00
       406, 4.499999820E-01,-2.752732246E-17, 1.978947368E-01, 2.901144586E-01,-3.406160511E-02, 1.142857709E-01, 1.634252777E+00
       407, 5.999999973E-01,-2.793817727E-17, 1.978947309E-01, 3.038621025E-01,-3.667020810E-02, 9.014500039E-02, 1.748350251E+00
       408, 7.500000434E-01,-2.834903452E-17, 1.978947427E-01, 3.063995391E-01,-3.435358611E-02, 7.136750484E-02, 1.846200514E+00
       409, 8.999999640E-01,-2.875988907E-17, 1.978947368E-01, 3.021211375E-01,-3.136923625E-02, 5.704869048E-02, 1.927068454E+00
       410, 1.049999909E+00,-2.917074447E-17, 1.978947368E-01, 2.941854586E-01,-2.894749964E-02, 4.603334662E-02, 1.993214894E+00
       411, 1.200000069E+00,-2.958160125E-17, 1.978947427E-01, 2.846368968E-01,-2.719919407E-02, 3.743624025E-02, 2.047709816E+00
       412, 1.350000037E+00,-2.999245593E-17, 1.978947368E-01, 2.745918834E-01,-2.586608973E-02, 3.069641725E-02, 2.092859937E+00
       413, 1.500000019E+00,-3.040331105E-17, 1.978947338E-01, 2.646792810E-01,-2.484040966E-02, 2.539761924E-02, 2.130525406E+00
       414, 1.649999926E+00,-3.081416674E-17, 1.978947368E-01, 2.552503163E-01,-2.403266980E-02, 2.121636522E-02, 2.162117967E+00
       415, 1.799999875E+00,-3.122502137E-17, 1.978947309E-01, 2.464588567E-01,-2.337326666E-02, 1.789216147E-02, 2.188855358E+00
       416, 1.950000082E+00,-3.163587867E-17, 1.978947397E-01, 2.383648263E-01,-2.280907562E-02, 1.522465348E-02, 2.211630106E+00
       417, 2.099999938E+00,-3.204673343E-17, 1.978947368E-01, 2.309793371E-01,-2.232204267E-02, 1.305056899E-02, 2.231130034E+00
       418, 2.250000061E+00,-3.245758932E-17, 1.978947368E-01, 2.242751519E-01,-2.190371425E-02, 1.126356776E-02, 2.247929664E+00
       419,-4.499999820E-01,-3.489989747E-17, 2.147368425E-01, 1.050111723E-01, 2.261485072E-03,-3.426009874E-04, 2.441302662E+00
       420,-3.000000072E-01,-3.592703618E-17, 2.147368425E-01, 1.057759691E-01, 7.091911487E-03,-6.688407459E-04, 2.434516687E+00
       421,-1.500000033E-01,-3.695417453E-17, 2.147368393E-01, 1.079534820E-01, 4.221638811E-02,-1.857906265E-03, 2.396199929E+00
       422,-1.058181320E-15,-3.798131400E-17, 2.147368425E-01, 1.370027284E-01, 2.564662152E-01, 1.234459364E-02, 2.284858697E+00
       423, 1.500000033E-01,-3.900845234E-17, 2.147368393E-01, 1.960182230E-01, 3.737966526E-02, 6.178320680E-02, 1.991309386E+00
       424, 3.000000072E-01,-4.003559182E-17, 2.147368425E-01, 2.424008301E-01,-2.200489260E-02, 7.299472463E-02, 1.945434045E+00
       425, 4.499999820E-01,-4.106273053E-17, 2.147368425E-01, 2.712375312E-01,-3.981681797E-02, 6.715505849E-02, 1.984537145E+00
       426, 5.999999973E-01,-4.208986839E-17, 2.147368361E-01, 2.861089119E-01,-4.314219022E-02, 5.723426447E-02, 2.034525494E+00
       427, 7.500000434E-01,-4.311700985E-17, 2.147368489E-01, 2.907902762E-01,-4.121332590E-02, 4.793251317E-02, 2.081204136E+00
       428, 8.999999640E-01,-4.414414706E-17, 2.147368425E-01, 2.887981020E-01,-3.827325860E-02, 4.000958575E-02, 2.122177496E+00
       429, 1.049999909E+00,-4.517128557E-17, 2.147368425E-01, 2.828794392E-01,-3.573865664E-02, 3.352173040E-02, 2.157625069E+00
       430, 1.200000069E+00,-4.619842669E-17, 2.147368489E-01, 2.749892768E-01,-3.382104965E-02, 2.817571981E-02, 2.188339140E+00
       431, 1.350000037E+00,-4.722556422E-17, 2.147368425E-01, 2.662741656E-01,-3.224570040E-02, 2.380968510E-02, 2.214906958E+00
       432, 1.500000019E+00,-4.825270241E-17, 2.147368393E-01, 2.574124706E-01,-3.092275850E-02, 2.023416994E-02, 2.237889820E+00
       433, 1.649999926E+00,-4.927984123E-17, 2.147368425E-01, 2.488008982E-01,-2.978633825E-02, 1.730772515E-02, 2.257802393E+00
       434, 1.799999875E+00,-5.030697863E-17, 2.147368361E-01, 2.406419873E-01,-2.880534046E-02, 1.491129647E-02, 2.275138668E+00
       435, 1.950000082E+00,-5.133412063E-17, 2.147368457E-01, 2.330327921E-01,-2.795409854E-02, 1.293712186E-02, 2.290288772E+00
       436, 2.099999938E+00,-5.236125796E-17, 2.147368425E-01, 2.260127974E-01,-2.718177771E-02, 1.129993827E-02, 2.303561241E+00
       437, 2.250000061E+00,-5.338839769E-17, 2.147368425E-01, 2.195796876E-01,-2.648253992E-02, 9.929157870E-03, 2.315237182E+00
       438,-4.499999820E-01,-3.281138170E-17, 2.315789483E-01, 1.013433325E-01, 2.181784074E-03,-3.381463794E-04, 2.465612517E+00
       439,-3.000000072E-01,-3.380428245E-17, 2.315789483E-01, 1.020990256E-01, 7.105123553E-03,-6.564718616E-04, 2.459792439E+00
       440,-1.500000033E-01,-3.479718287E-17, 2.315789449E-01, 1.040119190E-01, 4.254387274E-02,-1.772019220E-03, 2.430512977E+00
       441,-9.315465066E-16,-3.579008435E-17, 2.315789483E-01, 1.197078428E-01, 2.154585050E-01,-8.287457506E-03, 2.489455863E+00
       442, 1.500000033E-01,-3.678298476E-17, 2.315789449E-01, 1.623621297E-01, 4.556270113E-02, 2.510323931E-03, 2.407125629E+00
       443, 3.000000072E-01,-3.777588624E-17, 2.315789483E-01, 2.041130091E-01,-1.803917375E-02, 1.660680469E-02, 2.319739538E+00
       444, 4.499999820E-01,-3.876878699E-17, 2.315789483E-01, 2.341427654E-01,-3.806112185E-02, 2.315108052E-02, 2.293701459E+00
       445, 5.999999973E-01,-3.976168695E-17, 2.315789414E-01, 2.524928755E-01,-4.296099301E-02, 2.452302462E-02, 2.288639730E+00
       446, 7.500000434E-01,-4.075459031E-17, 2.315789552E-01, 2.614727264E-01,-4.250868140E-02, 2.362298342E-02, 2.291814385E+00
       447, 8.999999640E-01,-4.174748964E-17, 2.315789483E-01, 2.636917538E-01,-4.064247884E-02, 2.176758171E-02, 2.298869741E+00
       448, 1.049999879E+00,-4.274038893E-17, 2.315789414E-01, 2.614594417E-01,-3.880023109E-02, 1.972983653E-02, 2.307943231E+00
       449, 1.200000069E+00,-4.373329325E-17, 2.315789552E-01, 2.566443889E-01,-3.723883190E-02, 1.776696165E-02, 2.317903952E+00
       450, 1.350000037E+00,-4.472619289E-17, 2.315789483E-01, 2.504409852E-01,-3.585230005E-02, 1.591214287E-02, 2.328064400E+00
       451, 1.500000019E+00,-4.571909316E-17, 2.315789449E-01, 2.436158245E-01,-3.458157554E-02, 1.420699399E-02, 2.337971522E+00
       452, 1.649999926E+00,-4.671199400E-17, 2.315789483E-01, 2.366489674E-01,-3.340610854E-02, 1.268670658E-02, 2.347378464E+00
       453, 1.799999931E+00,-4.770489495E-17, 2.315789483E-01, 2.298244516E-01,-3.233142691E-02, 1.134417302E-02, 2.356180549E+00
       454, 1.950000054E+00,-4.869779669E-17, 2.315789483E-01, 2.232985186E-01,-3.134400313E-02, 1.017204781E-02, 2.364345682E+00
       455, 2.099999938E+00,-4.969069685E-17, 2.315789483E-01, 2.171576685E-01,-3.042548149E-02, 9.150770980E-03, 2.371858372E+00
       456, 2.250000061E+00,-5.068359858E-17, 2.315789483E-01, 2.114388824E-01,-2.955744610E-02, 8.248274241E-03, 2.378753568E+00
       457,-4.499999820E-01,-3.072286593E-17, 2.484210541E-01, 9.794912844E-02, 2.069842646E-03,-3.344906711E-04, 2.488155637E+00
       458,-3.000000072E-01,-3.168152873E-17, 2.484210541E-01, 9.866509634E-02, 6.977471723E-03,-6.454459611E-04, 2.483324060E+00
       459,-1.500000033E-01,-3.264019121E-17, 2.484210504E-01, 1.002992558E-01, 4.088132525E-02,-1.654839480E-03, 2.462437396E+00
       460,-8.031769694E-16,-3.359885469E-17, 2.484210541E-01, 1.079840210E-01, 1.640545322E-01,-7.649393530E-03, 2.532013527E+00
       461, 1.500000033E-01,-3.455751717E-17, 2.484210504E-01, 1.296889982E-01, 4.718366973E-02,-1.402543718E-02, 2.580927260E+00
       462, 3.000000072E-01,-3.551618066E-17, 2.484210541E-01, 1.593639980E-01,-1.105428643E-02,-7.623471453E-03, 2.533192380E+00
       463, 4.499999820E-01,-3.647484346E-17, 2.484210541E-01, 1.872737445E-01,-3.133243627E-02,-1.060284705E-03, 2.494810538E+00
       464, 5.999999973E-01,-3.743350551E-17, 2.484210467E-01, 2.083764915E-01,-3.762349115E-02, 3.536170358E-03, 2.467329131E+00
       465, 7.500000434E-01,-3.839217077E-17, 2.484210615E-01, 2.220437409E-01,-3.874194542E-02, 6.435601454E-03, 2.448254849E+00
       466, 8.999999640E-01,-3.935083222E-17, 2.484210541E-01, 2.293141871E-01,-3.835503529E-02, 8.142671476E-03, 2.435704916E+00
       467, 1.049999879E+00,-4.030949363E-17, 2.484210467E-01, 2.317521466E-01,-3.767600677E-02, 8.996104573E-03, 2.428173551E+00
       468, 1.200000069E+00,-4.126815981E-17, 2.484210615E-01, 2.309815776E-01,-3.693194082E-02, 9.319756651E-03, 2.424238861E+00
       469, 1.350000037E+00,-4.222682156E-17, 2.484210541E-01, 2.281734284E-01,-3.613131545E-02, 9.256699302E-03, 2.422870752E+00
       470, 1.500000019E+00,-4.318548390E-17, 2.484210504E-01, 2.241587715E-01,-3.527443645E-02, 8.963932607E-03, 2.423259300E+00
       471, 1.649999926E+00,-4.414414677E-17, 2.484210541E-01, 2.195057686E-01,-3.438839216E-02, 8.542939992E-03, 2.424808957E+00
       472, 1.799999931E+00,-4.510280976E-17, 2.484210541E-01, 2.145930958E-01,-3.350331222E-02, 8.055416978E-03, 2.427080500E+00
       473, 1.950000082E+00,-4.606147419E-17, 2.484210578E-01, 2.096505509E-01,-3.262351560E-02, 7.560984761E-03, 2.429779329E+00
       474, 2.099999938E+00,-4.702013573E-17, 2.484210541E-01, 2.048225063E-01,-3.175119603E-02, 7.071292653E-03, 2.432705585E+00
       475, 2.250000061E+00,-4.797879947E-17, 2.484210541E-01, 2.001953542E-01,-3.089728021E-02, 6.591048647E-03, 2.435728928E+00
       476,-4.499999820E-01,-4.056057416E-17, 2.652631598E-01, 9.485767836E-02, 1.924800093E-03,-3.313254255E-04, 2.509040249E+00
       477,-3.000000072E-01,-4.213552019E-17, 2.652631598E-01, 9.550564569E-02, 6.691043462E-03,-6.350985246E-04, 2.505186339E+00
       478,-1.500000033E-01,-4.371046585E-17, 2.652631559E-01, 9.686506907E-02, 3.771559348E-02,-1.534823592E-03, 2.491756174E+00
       479,-6.817463261E-16,-4.528541285E-17, 2.652631598E-01, 1.008481766E-01, 1.252791405E-01,-4.910880015E-03, 2.552785134E+00
       480, 1.500000050E-01,-4.686035919E-17, 2.652631598E-01, 1.098800663E-01, 4.273614943E-02,-1.117363718E-02, 2.619211155E+00
       481, 3.000000072E-01,-4.843530550E-17, 2.652631598E-01, 1.255769459E-01,-6.152891061E-03,-1.040703426E-02, 2.607016662E+00
       482, 4.499999820E-01,-5.001025153E-17, 2.652631598E-01, 1.452874942E-01,-2.402862547E-02,-7.559701533E-03, 2.585471722E+00
       483, 5.999999973E-01,-5.158519663E-17, 2.652631519E-01, 1.642910569E-01,-3.037475163E-02,-4.475086935E-03, 2.563089503E+00
       484, 7.500000434E-01,-5.316014610E-17, 2.652631677E-01, 1.797500608E-01,-3.242967280E-02,-1.518423802E-03, 2.542966511E+00
       485, 8.999999640E-01,-5.473509021E-17, 2.652631598E-01, 1.906962588E-01,-3.319743816E-02, 9.940216971E-04, 2.526170312E+00
       486, 1.049999879E+00,-5.631003426E-17, 2.652631519E-01, 1.973535415E-01,-3.354710567E-02, 2.860861256E-03, 2.512979241E+00
       487, 1.200000069E+00,-5.788498525E-17, 2.652631677E-01, 2.006488703E-01,-3.366674234E-02, 4.121413868E-03, 2.503060767E+00
       488, 1.350000037E+00,-5.945992984E-17, 2.652631598E-01, 2.014807385E-01,-3.357547977E-02, 4.929870077E-03, 2.495918969E+00
       489, 1.500000019E+00,-6.103487527E-17, 2.652631559E-01, 2.006091885E-01,-3.329536988E-02, 5.395392021E-03, 2.491018652E+00
       490, 1.649999926E+00,-6.260982126E-17, 2.652631598E-01, 1.986226050E-01,-3.287208149E-02, 5.606566009E-03, 2.487861921E+00
       491, 1.799999931E+00,-6.418476760E-17, 2.652631598E-01, 1.959644974E-01,-3.236733900E-02, 5.649060942E-03, 2.485990838E+00
       492, 1.950000054E+00,-6.575971518E-17, 2.652631598E-01, 1.929258447E-01,-3.177192974E-02, 5.584907976E-03, 2.485063260E+00
       493, 2.099999938E+00,-6.733466026E-17, 2.652631598E-01, 1.897038776E-01,-3.111132549E-02, 5.447006166E-03, 2.484831848E+00
       494, 2.250000061E+00,-6.890960784E-17, 2.652631598E-01, 1.864342636E-01,-3.041537193E-02, 5.262818857E-03, 2.485101464E+00
       495,-4.499999820E-01,-2.654583439E-17, 2.821052656E-01, 9.208094638E-02, 1.739264658E-03,-3.279677637E-04, 2.528384822E+00
       496,-3.000000072E-01,-2.743602127E-17, 2.821052656E-01, 9.263760425E-02, 6.251807800E-03,-6.256889581E-04, 2.525464172E+00
       497,-1.500000033E-01,-2.832620790E-17, 2.821052614E-01, 9.373138619E-02, 3.359112244E-02,-1.434045077E-03, 2.518286885E+00
       498,-5.551115123E-16,-2.921639538E-17, 2.821052656E-01, 9.604549358E-02, 9.633665214E-02,-3.717671569E-03, 2.573028096E+00
       499, 1.500000050E-01,-3.010658245E-17, 2.821052656E-01, 9.958766018E-02, 3.734403544E-02,-6.601516392E-03, 2.633859890E+00
       500, 3.000000143E-01,-3.099677014E-17, 2.821052714E-01, 1.065686485E-01,-3.199903284E-03,-7.375850144E-03, 2.631369884E+00
       501, 4.499999820E-01,-3.188695638E-17, 2.821052656E-01, 1.173327745E-01,-1.815465597E-02,-6.496025678E-03, 2.619740131E+00
       502, 5.999999973E-01,-3.277714263E-17, 2.821052572E-01, 1.302322877E-01,-2.360046704E-02,-5.021491136E-03, 2.606373017E+00
       503, 7.500000434E-01,-3.366733168E-17, 2.821052740E-01, 1.431516835E-01,-2.572643840E-02,-3.186135972E-03, 2.592818118E+00
       504, 8.999999640E-01,-3.455751737E-17, 2.821052656E-01, 1.544232606E-01,-2.696372467E-02,-1.299826809E-03, 2.579834713E+00
       505, 1.049999879E+00,-3.544770303E-17, 2.821052572E-01, 1.631453086E-01,-2.790498429E-02, 3.613642393E-04, 2.568075541E+00
       506, 1.200000069E+00,-3.633789294E-17, 2.821052740E-01, 1.692557862E-01,-2.863865944E-02, 1.681754242E-03, 2.557937987E+00
       507, 1.350000037E+00,-3.722807890E-17, 2.821052656E-01, 1.730704208E-01,-2.915162803E-02, 2.684536395E-03, 2.549555739E+00
       508, 1.500000019E+00,-3.811826540E-17, 2.821052614E-01, 1.750427346E-01,-2.943206662E-02, 3.405181688E-03, 2.542866999E+00
       509, 1.649999926E+00,-3.900845231E-17, 2.821052656E-01, 1.756290181E-01,-2.950457650E-02, 3.885305362E-03, 2.537686455E+00
       510, 1.799999931E+00,-3.989863938E-17, 2.821052656E-01, 1.752437621E-01,-2.940703842E-02, 4.187151995E-03, 2.533747932E+00
       511, 1.950000054E+00,-4.078882714E-17, 2.821052656E-01, 1.741870634E-01,-2.915141521E-02, 4.342951320E-03, 2.530819598E+00
       512, 2.099999938E+00,-4.167901349E-17, 2.821052656E-01, 1.726810420E-01,-2.878220508E-02, 4.393715868E-03, 2.528703510E+00
       513, 2.250000061E+00,-4.256920125E-17, 2.821052656E-01, 1.708937242E-01,-2.833252524E-02, 4.371895558E-03, 2.527227142E+00
       514,-4.499999820E-01,-2.445731862E-17, 2.989473714E-01, 8.961543469E-02, 1.524075442E-03,-3.247292399E-04, 2.546279490E+00
       515,-3.000000072E-01,-2.531326755E-17, 2.989473714E-01, 9.006409065E-02, 5.654603194E-03,-6.173498351E-04, 2.544208636E+00
       516,-1.500000033E-01,-2.616921624E-17, 2.989473669E-01, 9.090656310E-02, 2.900229643E-02,-1.352115862E-03, 2.542044291E+00
       517,-3.677613769E-16,-2.702516573E-17, 2.989473714E-01, 9.235999625E-02, 7.446651977E-02,-3.174992211E-03, 2.592259136E+00
       518, 1.500000050E-01,-2.788111483E-17, 2.989473714E-01, 9.386804280E-02, 3.168655557E-02,-4.617420629E-03, 2.646768670E+00
       519, 3.000000143E-01,-2.873706451E-17, 2.989473775E-01, 9.685113216E-02,-1.328094542E-03,-4.862534702E-03, 2.648244072E+00
       520, 4.499999820E-01,-2.959301284E-17, 2.989473714E-01, 1.019733189E-01,-1.362113936E-02,-4.450409838E-03, 2.639790473E+00
       521, 5.999999973E-01,-3.044896119E-17, 2.989473625E-01, 1.090724592E-01,-1.801480433E-02,-3.704302860E-03, 2.630356515E+00
       522, 7.500000434E-01,-3.130491214E-17, 2.989473803E-01, 1.174368305E-01,-1.972144341E-02,-2.694391184E-03, 2.621312458E+00
       523, 8.999999851E-01,-3.216086067E-17, 2.989473781E-01, 1.260970756E-01,-2.084856953E-02,-1.523674406E-03, 2.612599851E+00
       524, 1.049999879E+00,-3.301680773E-17, 2.989473625E-01, 1.341082943E-01,-2.192535540E-02,-3.391883168E-04, 2.604151834E+00
       525, 1.200000069E+00,-3.387275950E-17, 2.989473803E-01, 1.408706193E-01,-2.294268956E-02, 7.216738592E-04, 2.596160725E+00
       526, 1.350000037E+00,-3.472870758E-17, 2.989473714E-01, 1.461492989E-01,-2.381584661E-02, 1.615621606E-03, 2.588872207E+00
       527, 1.500000019E+00,-3.558465614E-17, 2.989473669E-01, 1.499693324E-01,-2.449255695E-02, 2.326325220E-03, 2.582461048E+00
       528, 1.649999926E+00,-3.644060509E-17, 2.989473714E-01, 1.525055006E-01,-2.495788747E-02, 2.858185471E-03, 2.576991413E+00
       529, 1.799999931E+00,-3.729655419E-17, 2.989473714E-01, 1.540140712E-01,-2.521637847E-02, 3.240684975E-03, 2.572410424E+00
       530, 1.950000054E+00,-3.815250396E-17, 2.989473714E-01, 1.547207133E-01,-2.529323095E-02, 3.493108272E-03, 2.568633418E+00
       531, 2.099999938E+00,-3.900845237E-17, 2.989473714E-01, 1.548169982E-01,-2.522467006E-02, 3.641219089E-03, 2.565562243E+00
       532, 2.250000061E+00,-3.986440214E-17, 2.989473714E-01, 1.544662074E-01,-2.504275171E-02, 3.710714250E-03, 2.563090295E+00
       533,-4.499999820E-01,-2.236880285E-17, 3.157894771E-01, 8.745062637E-02, 1.284221446E-03,-3.219623187E-04, 2.562670035E+00
       534,-3.000000072E-01,-2.319051382E-17, 3.157894771E-01, 8.778271157E-02, 4.911280949E-03,-6.095352448E-04, 2.561321177E+00
       535,-1.500000033E-01,-2.401222458E-17, 3.157894724E-01, 8.839426244E-02, 2.417335949E-02,-1.285775744E-03, 2.562997086E+00
       536,-2.983724379E-16,-2.483393608E-17, 3.157894771E-01, 8.933161417E-02, 5.713425967E-02,-2.785959101E-03, 2.609553736E+00
       537, 1.500000050E-01,-2.565564721E-17, 3.157894771E-01, 9.008199692E-02, 2.613830961E-02,-3.968946877E-03, 2.659741735E+00
       538, 3.000000143E-01,-2.647735888E-17, 3.157894836E-01, 9.143915457E-02,-2.819974612E-04,-3.921957760E-03, 2.663961200E+00
       539, 4.499999820E-01,-2.729906930E-17, 3.157894771E-01, 9.385200982E-02,-1.019454359E-02,-3.470671212E-03, 2.656910100E+00
       540, 5.999999973E-01,-2.812077975E-17, 3.157894677E-01, 9.743816959E-02,-1.360046158E-02,-2.914619276E-03, 2.648907338E+00
       541, 7.500000434E-01,-2.894249259E-17, 3.157894865E-01, 1.020802849E-01,-1.485471012E-02,-2.243583722E-03, 2.641830730E+00
       542, 8.999999851E-01,-2.976420320E-17, 3.157894842E-01, 1.074855698E-01,-1.568106950E-02,-1.469739604E-03, 2.635555022E+00
       543, 1.049999879E+00,-3.058591243E-17, 3.157894677E-01, 1.132100629E-01,-1.658116741E-02,-6.400769082E-04, 2.629634657E+00
       544, 1.200000069E+00,-3.140762606E-17, 3.157894865E-01, 1.187729474E-01,-1.754303655E-02, 1.643126459E-04, 2.623858136E+00
       545, 1.350000037E+00,-3.222933625E-17, 3.157894771E-01, 1.238034424E-01,-1.846688425E-02, 8.948288568E-04, 2.618255980E+00
       546, 1.500000019E+00,-3.305104689E-17, 3.157894724E-01, 1.280771305E-01,-1.927283443E-02, 1.520409860E-03, 2.612952753E+00
       547, 1.649999926E+00,-3.387275786E-17, 3.157894771E-01, 1.315123681E-01,-1.992002833E-02, 2.027842708E-03, 2.608070779E+00
       548, 1.799999931E+00,-3.469446899E-17, 3.157894771E-01, 1.341546394E-01,-2.039887998E-02, 2.424423685E-03, 2.603671864E+00
       549, 1.950000054E+00,-3.551618078E-17, 3.157894771E-01, 1.360908171E-01,-2.071497998E-02, 2.718631027E-03, 2.599777784E+00
       550, 2.099999938E+00,-3.633789125E-17, 3.157894771E-01, 1.374242586E-01,-2.088651047E-02, 2.923685930E-03, 2.596378754E+00
       551, 2.250000061E+00,-3.715960303E-17, 3.157894771E-01, 1.382660959E-01,-2.093585053E-02, 3.055476044E-03, 2.593439777E+00
       552,-4.499999820E-01,-2.028028708E-17, 3.326315829E-01, 8.558403996E-02, 1.026482575E-03,-3.195868514E-04, 2.577184910E+00
       553,-3.000000072E-01,-2.106776010E-17, 3.326315829E-01, 8.580161345E-02, 4.059864123E-03,-6.026749358E-04, 2.576380077E+00
       554,-1.500000033E-01,-2.185523292E-17, 3.326315779E-01, 8.620806153E-02, 1.927384263E-02,-1.233640180E-03, 2.580848437E+00
       555,-1.734723476E-16,-2.264270642E-17, 3.326315829E-01, 8.679774176E-02, 4.286579986E-02,-2.492266790E-03, 2.624476857E+00
       556, 1.500000050E-01,-2.343017959E-17, 3.326315829E-01, 8.722983293E-02, 2.071099872E-02,-3.571227469E-03, 2.671468685E+00
       557, 3.000000143E-01,-2.421765325E-17, 3.326315897E-01, 8.792497367E-02, 2.479135093E-04,-3.622122784E-03, 2.677994497E+00
       558, 4.499999820E-01,-2.500512576E-17, 3.326315829E-01, 8.914345508E-02,-7.519157167E-03,-3.230283751E-03, 2.671968180E+00
       559, 5.999999973E-01,-2.579259831E-17, 3.326315730E-01, 9.099577821E-02,-1.011805500E-02,-2.756903778E-03, 2.664533299E+00
       560, 7.500000434E-01,-2.658007305E-17, 3.326315928E-01, 9.349084444E-02,-1.097604354E-02,-2.227748969E-03, 2.658166694E+00
       561, 8.999999851E-01,-2.736754572E-17, 3.326315903E-01, 9.657096797E-02,-1.152541319E-02,-1.645398542E-03, 2.652958467E+00
       562, 1.049999879E+00,-2.815501713E-17, 3.326315730E-01, 1.001103556E-01,-1.215955262E-02,-1.025491183E-03, 2.648431019E+00
       563, 1.200000069E+00,-2.894249262E-17, 3.326315928E-01, 1.039025669E-01,-1.290761644E-02,-4.045422365E-04, 2.644172857E+00
       564, 1.350000037E+00,-2.972996492E-17, 3.326315829E-01, 1.077245708E-01,-1.368523634E-02, 1.860986151E-04, 2.640010211E+00
       565, 1.500000019E+00,-3.051743763E-17, 3.326315779E-01, 1.113697987E-01,-1.442062199E-02, 7.209404696E-04, 2.635919526E+00
       566, 1.649999926E+00,-3.130491063E-17, 3.326315829E-01, 1.146810104E-01,-1.506373318E-02, 1.183907096E-03, 2.631949749E+00
       567, 1.799999931E+00,-3.209238380E-17, 3.326315829E-01, 1.175770534E-01,-1.559166216E-02, 1.571180894E-03, 2.628162208E+00
       568, 1.950000054E+00,-3.287985759E-17, 3.326315829E-01, 1.200287296E-01,-1.599980190E-02, 1.883939276E-03, 2.624608758E+00
       569, 2.099999938E+00,-3.366733013E-17, 3.326315829E-01, 1.220426719E-01,-1.629262503E-02, 2.126763640E-03, 2.621323094E+00
       570, 2.250000061E+00,-3.445480392E-17, 3.326315829E-01, 1.236541964E-01,-1.647987551E-02, 2.307668594E-03, 2.618318822E+00
       571,-4.499999820E-01,-6.265547308E-18, 3.494736887E-01, 8.403910789E-02, 7.654306613E-04,-3.176523948E-04, 2.589020833E+00
       572,-3.000000072E-01,-6.368261180E-18, 3.494736887E-01, 8.415579163E-02, 3.116643565E-03,-5.971862962E-04, 2.588565555E+00
       573,-1.500000033E-01,-6.470974973E-18, 3.494736835E-01, 8.439210241E-02, 1.443156199E-02,-1.194066439E-03, 2.594931734E+00
       574,-4.163336342E-17,-6.573688962E-18, 3.494736887E-01, 8.473446186E-02, 3.064738097E-02,-2.289735755E-03, 2.636396589E+00
       575, 1.500000050E-01,-6.676402854E-18, 3.494736887E-01, 8.501060323E-02, 1.540221619E-02,-3.241099358E-03, 2.680929880E+00
       576, 3.000000072E-01,-6.779116744E-18, 3.494736887E-01, 8.542768253E-02, 4.241106705E-04,-3.408009106E-03, 2.689199722E+00
       577, 4.499999820E-01,-6.881830615E-18, 3.494736887E-01, 8.611922887E-02,-5.318116704E-03,-3.155314615E-03, 2.683990989E+00
       578, 5.999999973E-01,-6.984544318E-18, 3.494736783E-01, 8.715832737E-02,-7.210177857E-03,-2.788685815E-03, 2.676831605E+00
       579, 7.500000434E-01,-7.087258630E-18, 3.494736991E-01, 8.857663019E-02,-7.790771358E-03,-2.364407499E-03, 2.670668534E+00
       580, 8.999999851E-01,-7.189972429E-18, 3.494736965E-01, 9.037042561E-02,-8.127093754E-03,-1.899104232E-03, 2.665825335E+00
       581, 1.049999879E+00,-7.292685902E-18, 3.494736783E-01, 9.251170162E-02,-8.540321021E-03,-1.411528587E-03, 2.661901457E+00
       582, 1.200000069E+00,-7.395400313E-18, 3.494736991E-01, 9.493206178E-02,-9.050556906E-03,-9.219405788E-04, 2.658459873E+00
       583, 1.350000037E+00,-7.498113983E-18, 3.494736887E-01, 9.754396748E-02,-9.609867245E-03,-4.468104355E-04, 2.655230167E+00
       584, 1.500000019E+00,-7.600827761E-18, 3.494736835E-01, 1.002425393E-01,-1.016492909E-02,-1.824064984E-06, 2.652082527E+00
       585, 1.649999926E+00,-7.703541684E-18, 3.494736887E-01, 1.029192681E-01,-1.067990621E-02, 4.019678862E-04, 2.648972967E+00
       586, 1.799999931E+00,-7.806255576E-18, 3.494736887E-01, 1.054828501E-01,-1.113295799E-02, 7.589568231E-04, 2.645905226E+00
       587, 1.950000054E+00,-7.908969549E-18, 3.494736887E-01, 1.078668103E-01,-1.151236838E-02, 1.066311106E-03, 2.642903835E+00
       588, 2.099999938E+00,-8.011683358E-18, 3.494736887E-01, 1.100275710E-01,-1.181456116E-02, 1.323609130E-03, 2.639997496E+00
       589, 2.250000061E+00,-8.114397331E-18, 3.494736887E-01, 1.119455414E-01,-1.204101483E-02, 1.533673201E-03, 2.637211592E+00
       590,-4.499999820E-01,-5.188192756E-17, 3.663157944E-01, 8.287142463E-02, 5.103373406E-04,-3.162997184E-04, 2.597140255E+00
       591,-3.000000072E-01,-5.455248821E-17, 3.663157944E-01, 8.291055253E-02, 2.114397088E-03,-5.931466226E-04, 2.596907601E+00
       592,-1.500000033E-01,-5.722304849E-17, 3.663157890E-01, 8.302096047E-02, 9.620927180E-03,-1.165730247E-03, 2.604559043E+00
       593, 2.480654571E-16,-5.989361054E-17, 3.663157944E-01, 8.318979954E-02, 1.978209763E-02,-2.158200558E-03, 2.644695953E+00
       594, 1.500000050E-01,-6.256417173E-17, 3.663157944E-01, 8.337943573E-02, 1.020624661E-02,-3.010756306E-03, 2.687588184E+00
       595, 3.000000072E-01,-6.523473287E-17, 3.663157944E-01, 8.367918708E-02, 3.633636757E-04,-3.214425109E-03, 2.697037505E+00
       596, 4.499999820E-01,-6.790529352E-17, 3.663157944E-01, 8.413852147E-02,-3.404020598E-03,-3.053815328E-03, 2.692274726E+00
       597, 5.999999973E-01,-7.057585311E-17, 3.663157835E-01, 8.480118882E-02,-4.646459536E-03,-2.782629776E-03, 2.685275492E+00
       598, 7.500000434E-01,-7.324641860E-17, 3.663158053E-01, 8.570048495E-02,-5.011469064E-03,-2.449211014E-03, 2.679174232E+00
       599, 8.999999851E-01,-7.591697822E-17, 3.663158026E-01, 8.685199065E-02,-5.207703983E-03,-2.073421004E-03, 2.674422752E+00
       600, 1.049999879E+00,-7.858753431E-17, 3.663157835E-01, 8.825549999E-02,-5.453515245E-03,-1.677049578E-03, 2.670702716E+00
       601, 1.200000069E+00,-8.125810237E-17, 3.663158053E-01, 8.988668875E-02,-5.763179853E-03,-1.280165493E-03, 2.667601674E+00
       602, 1.350000037E+00,-8.392866110E-17, 3.663157944E-01, 9.171246593E-02,-6.112414740E-03,-8.932889147E-04, 2.664832976E+00
       603, 1.500000019E+00,-8.659922099E-17, 3.663157890E-01, 9.368793557E-02,-6.471660081E-03,-5.251497736E-04, 2.662227294E+00
       604, 1.649999926E+00,-8.926978133E-17, 3.663157944E-01, 9.575763550E-02,-6.814313029E-03,-1.835100741E-04, 2.659689159E+00
       605, 1.799999931E+00,-9.194034252E-17, 3.663157944E-01, 9.786149028E-02,-7.127767617E-03, 1.293926431E-04, 2.657173317E+00
       606, 1.950000054E+00,-9.461090581E-17, 3.663157944E-01, 9.994525557E-02,-7.402489531E-03, 4.109511696E-04, 2.654665782E+00
       607, 2.099999938E+00,-9.728146485E-17, 3.663157944E-01, 1.019615439E-01,-7.634011116E-03, 6.592122801E-04, 2.652168771E+00
       608, 2.250000061E+00,-9.995202814E-17, 3.663157944E-01, 1.038732944E-01,-7.820523566E-03, 8.747241798E-04, 2.649693423E+00
       609,-4.499999820E-01,-2.594096378E-17, 3.831579002E-01, 8.214701166E-02, 2.583457588E-04,-3.158469547E-04, 2.601148952E+00
       610,-3.000000072E-01,-2.727624410E-17, 3.831579002E-01, 8.213769919E-02, 1.076449518E-03,-5.916522190E-04, 2.601161059E+00
       611,-1.500000033E-01,-2.861152424E-17, 3.831578945E-01, 8.216934103E-02, 4.813443705E-03,-1.151089869E-03, 2.609816252E+00
       612, 4.336808690E-17,-2.994680527E-17, 3.831579002E-01, 8.223079354E-02, 9.707893913E-03,-2.086443053E-03, 2.649317684E+00
       613, 1.500000050E-01,-3.128208586E-17, 3.831579002E-01, 8.237229229E-02, 5.089153640E-03,-2.884008453E-03, 2.691361369E+00
       614, 3.000000072E-01,-3.261736643E-17, 3.831579002E-01, 8.262594519E-02, 1.892447886E-04,-3.090112996E-03, 2.701377546E+00
       615, 4.499999820E-01,-3.395264676E-17, 3.831579002E-01, 8.299083459E-02,-1.656223493E-03,-2.958567088E-03, 2.696860877E+00
       616, 5.999999973E-01,-3.528792655E-17, 3.831578888E-01, 8.349066492E-02,-2.276149923E-03,-2.735196849E-03, 2.689994481E+00
       617, 7.500000434E-01,-3.662320930E-17, 3.831579116E-01, 8.415660638E-02,-2.454087909E-03,-2.460391522E-03, 2.683928517E+00
       618, 8.999999851E-01,-3.795848911E-17, 3.831579088E-01, 8.501449187E-02,-2.545725950E-03,-2.146007700E-03, 2.679197154E+00
       619, 1.049999879E+00,-3.929376715E-17, 3.831578888E-01, 8.607745283E-02,-2.661103537E-03,-1.809518097E-03, 2.675517749E+00
       620, 1.200000069E+00,-4.062905118E-17, 3.831579116E-01, 8.733599113E-02,-2.808713328E-03,-1.470219570E-03, 2.672497664E+00
       621, 1.350000037E+00,-4.196433055E-17, 3.831579002E-01, 8.877289299E-02,-2.975113157E-03,-1.138794010E-03, 2.669868322E+00
       622, 1.500000019E+00,-4.329961049E-17, 3.831578945E-01, 9.036323397E-02,-3.148030163E-03,-8.211602308E-04, 2.667460620E+00
       623, 1.649999926E+00,-4.463489066E-17, 3.831579002E-01, 9.207481291E-02,-3.315134692E-03,-5.242011297E-04, 2.665166529E+00
       624, 1.799999931E+00,-4.597017126E-17, 3.831579002E-01, 9.386831721E-02,-3.470096433E-03,-2.485979644E-04, 2.662919263E+00
       625, 1.950000054E+00,-4.730545290E-17, 3.831579002E-01, 9.570543846E-02,-3.610033885E-03, 5.125887543E-06, 2.660682039E+00
       626, 2.099999954E+00,-4.864073279E-17, 3.831579031E-01, 9.754849462E-02,-3.731989757E-03, 2.358815175E-04, 2.658435658E+00
       627, 2.250000061E+00,-4.997601407E-17, 3.831579002E-01, 9.936224614E-02,-3.834196327E-03, 4.439834319E-04, 2.656174444E+00
       628,-4.499999820E-01,-1.192622400E-17, 4.000000060E-01, 8.190331124E-02, 0.000000000E+00,-3.159089108E-04, 2.602157427E+00
       629,-3.000000072E-01,-1.257674519E-17, 4.000000060E-01, 8.187747796E-02, 0.000000000E+00,-5.917801511E-04, 2.602320123E+00
       630,-1.500000033E-01,-1.322726629E-17, 4.000000000E-01, 8.188145373E-02, 0.000000000E+00,-1.147866661E-03, 2.611435702E+00
       631, 3.330669074E-16,-1.387778781E-17, 4.000000060E-01, 8.190548609E-02, 0.000000000E+00,-2.065143946E-03, 2.650749541E+00
       632, 1.500000050E-01,-1.452830912E-17, 4.000000060E-01, 8.203090369E-02, 0.000000000E+00,-2.844842537E-03, 2.692550673E+00
       633, 3.000000072E-01,-1.517883043E-17, 4.000000060E-01, 8.227290045E-02, 0.000000000E+00,-3.049622588E-03, 2.702671102E+00
       634, 4.499999820E-01,-2.341875193E-17, 4.000000060E-01, 8.261319345E-02, 0.000000000E+00,-2.921582278E-03, 2.698291463E+00
       635, 5.999999973E-01,-1.647987256E-17, 3.999999940E-01, 8.306765601E-02, 0.000000000E+00,-2.709337944E-03, 2.691491002E+00
       636, 7.500000434E-01,-1.713039488E-17, 4.000000179E-01, 8.366680371E-02, 0.000000000E+00,-2.453593151E-03, 2.685438812E+00
       637, 8.999999851E-01,-1.778091582E-17, 4.000000149E-01, 8.443984232E-02, 0.000000000E+00,-2.161419723E-03, 2.680711537E+00
       638, 1.049999879E+00,-1.843143593E-17, 3.999999940E-01, 8.540462161E-02, 0.000000000E+00,-1.846751852E-03, 2.677029049E+00
       639, 1.200000069E+00,-1.908195887E-17, 4.000000179E-01, 8.655589633E-02, 0.000000000E+00,-1.527192226E-03, 2.674005996E+00
       640, 1.350000037E+00,-1.973247961E-17, 4.000000060E-01, 8.787986427E-02, 0.000000000E+00,-1.214702891E-03, 2.671386703E+00
       641, 1.500000019E+00,-2.038300062E-17, 4.000000000E-01, 8.935559523E-02, 0.000000000E+00,-9.151074256E-04, 2.669007897E+00
       642, 1.649999926E+00,-2.103352172E-17, 4.000000060E-01, 9.095619171E-02, 0.000000000E+00,-6.340954972E-04, 2.666762322E+00
       643, 1.799999931E+00,-2.168404303E-17, 4.000000060E-01, 9.264807690E-02, 0.000000000E+00,-3.727132737E-04, 2.664577998E+00
       644, 1.950000054E+00,-2.233456486E-17, 4.000000060E-01, 9.439827408E-02, 0.000000000E+00,-1.305870152E-04, 2.662411348E+00
       645, 2.099999954E+00,-2.298508582E-17, 4.000000089E-01, 9.617346659E-02, 0.000000000E+00, 9.195099106E-05, 2.660235820E+00
       646, 2.250000061E+00,-2.363560748E-17, 4.000000060E-01, 9.794084368E-02, 0.000000000E+00, 2.953760945E-04, 2.658039453E+00
